772 1
39 2
9098 0
10500 7
6641 6
6339 3
8972 0
4738 3
4675 3
5093 6
296 1
376 3
9737 5
7230 4
9039 0
10047 7
8487 1
9653 1
9590 5
1839 3
391 4
10352 7
5963 3
530 3
2995 3
5643 1
8720 5
3537 0
7517 4
9379 0
10624 3
2686 4
8339 3
4713 3
2342 4
10514 7
9299 0
3395 1
859 1
7164 4
11080 3
8564 1
716 3
4660 3
8764 0
5464 1
1856 6
9440 5
7168 0
8631 1
7080 4
3207 7
384 4
5241 4
8722 1
5218 1
5626 1
1144 1
9705 5
4746 4
9632 5
2123 4
10605 5
8777 0
10782 1
5437 0
8454 0
4733 4
10654 6
10370 7
1504 7
6548 6
3332 3
4389 3
4932 2
8529 1
7716 0
6304 3
2705 4
4718 3
4827 3
5738 1
2323 4
6543 6
9739 5
9238 0
6788 6
8744 1
10949 5
5865 3
7837 3
852 7
2517 3
2987 0
6655 6
5243 2
5457 6
6002 3
5745 1
9505 5
6358 3
7243 4
1529 1
6599 6
3244 1
2909 3
8562 1
1695 7
79 1
10564 7
6205 5
3441 0
10880 4
7384 4
4172 7
9121 0
5270 2
7638 5
4608 5
1533 7
7387 4
10513 7
1248 1
9931 1
8007 3
8499 1
11025 9
466 1
1605 7
7441 4
1596 7
3275 1
5154 1
11187 9
10492 7
5417 4
8 4
9065 0
2677 4
7355 3
9324 0
10923 7
3935 3
748 1
3220 0
6617 6
7367 4
9368 0
295 2
8542 0
9108 0
3578 0
2476 4
8273 0
4253 2
541 1
4806 9
2419 4
9851 5
1646 7
8511 1
7379 0
7584 8
5132 1
7448 4
6016 3
2058 6
4739 3
8565 1
8851 0
9796 9
1424 7
809 0
7077 4
3483 0
9611 5
4164 3
6303 1
159 2
4217 3
1297 1
11149 3
2448 4
9547 5
11205 3
5764 3
9594 5
7870 3
2794 7
705 3
1727 7
7519 4
4098 3
4109 3
5668 1
442 3
4903 2
7112 4
6775 3
9621 5
4360 3
6707 6
756 1
3985 3
8114 5
4581 3
3875 3
10108 7
8847 0
4242 3
10772 3
5987 3
6062 1
2671 4
3420 0
9321 0
5295 3
6439 4
9715 5
8260 0
5465 0
692 3
54 2
2502 4
3895 3
638 4
10437 7
7156 4
2726 4
4888 2
7121 4
6515 6
10274 7
2756 8
804 1
3270 1
9325 0
8664 0
6275 3
397 3
6542 3
3295 0
5809 5
4028 3
5141 2
9361 1
4473 6
1309 0
1777 7
7886 3
6657 6
11250 9
3671 3
10203 7
3183 1
4273 3
9 4
8918 0
814 1
918 1
7780 3
8343 3
3243 1
10080 7
9528 5
1481 7
8800 0
4631 3
3965 3
2077 4
709 3
7171 1
219 2
2434 4
2696 4
9211 0
2605 4
3764 1
11074 3
1064 5
5212 1
6621 6
8853 0
6101 3
8352 3
7578 8
2322 4
532 3
3903 9
9164 5
9490 5
4505 6
5516 1
2644 4
4486 7
5042 2
6685 3
1131 7
10131 7
2385 4
7668 8
862 1
9869 0
8787 0
2449 4
10779 0
10814 0
6380 3
1123 3
1521 5
10169 7
1553 7
4691 4
10417 7
3508 0
10681 6
3265 4
5034 1
10747 0
4768 3
858 3
6545 3
1609 7
8125 3
5436 0
8183 3
2960 1
8187 5
6405 1
3352 1
10493 7
650 3
4854 5
10616 7
7872 3
3781 6
524 3
357 3
6785 0
746 1
4584 7
5754 4
5707 6
7835 7
2938 0
6553 6
8312 3
5309 1
8038 3
5593 1
5825 1
941 1
1114 1
7582 7
4901 2
8277 3
8036 3
5918 3
8308 3
528 5
1088 5
7479 4
3947 3
1737 7
1296 1
5327 1
1161 1
6260 3
6613 4
5549 2
298 2
2209 4
8108 3
5252 1
486 3
5817 3
10941 3
10773 0
9213 0
10562 7
265 2
9412 5
6986 4
461 3
11131 3
3883 3
10954 5
10064 7
11267 1
9008 0
2679 4
7297 7
4031 3
7672 5
4445 6
7881 3
602 3
4007 1
7408 4
9876 1
5381 1
6065 5
8357 6
631 3
7524 4
4065 3
7923 3
6881 4
2042 1
10030 7
10112 7
3481 0
11083 3
1958 3
3362 1
1219 1
1132 7
10048 7
10453 7
8477 1
9493 5
4163 3
10286 7
7938 3
2840 7
1190 1
1492 7
9536 5
11203 3
8340 3
860 1
3448 0
6143 4
10871 4
5701 1
1454 7
2804 7
5892 1
8336 3
7150 4
4666 3
2488 4
1487 7
6811 6
3097 5
9799 5
7072 4
7345 4
5652 0
2169 4
10146 7
7381 4
10731 0
10354 7
5466 0
7532 1
1930 3
4090 3
4791 9
464 3
7836 0
2288 4
9517 5
7512 1
4566 4
1726 7
5116 1
4241 3
2001 6
151 1
2007 1
1515 7
4732 3
2347 4
6482 6
5520 1
6343 3
9006 0
9180 0
2093 4
6270 1
11245 9
8033 3
10151 7
2108 4
10340 7
2219 4
8243 3
4485 7
5558 5
5913 6
9760 7
9342 9
8954 0
2501 4
7723 7
2142 4
5810 3
10366 7
1338 3
9172 0
3491 0
5599 1
9200 0
6577 6
6532 6
2480 4
1137 1
2478 3
7239 4
8051 3
4924 1
7677 5
1771 7
4568 3
4605 3
4940 2
9807 5
9782 9
304 2
9160 0
8520 1
2456 4
3005 3
4634 3
3770 3
8374 3
6077 3
10823 0
9491 5
4919 0
9326 0
1956 6
373 3
5979 5
930 1
3607 3
5197 1
5164 2
8048 3
928 1
1287 0
8040 3
6739 3
2953 3
8417 6
11226 9
606 1
6828 3
8535 1
4545 3
6416 3
8319 3
6251 3
4398 3
8112 0
9232 0
4405 1
1591 0
3905 3
10874 4
5514 1
6231 3
4359 3
3161 2
8807 0
3223 1
7291 4
1125 1
3817 3
10455 7
9956 7
1328 1
6794 3
4716 3
4548 3
8313 1
7616 8
8725 7
11170 3
268 1
1612 7
3078 5
2245 4
7018 4
2668 4
1310 2
6807 6
6866 0
5062 2
10360 7
10414 7
344 3
542 3
134 2
3181 0
4811 9
3863 3
6503 6
10583 7
10119 7
7810 3
9391 0
5373 1
3434 0
10850 4
9494 5
4051 3
9861 3
10130 7
3912 3
4729 3
7602 8
2427 4
2629 4
11231 9
4331 3
4054 1
10709 0
5195 2
9492 5
1756 7
2727 4
10395 7
2709 4
7246 4
6944 4
8784 0
258 1
9143 0
4594 3
10330 7
1573 7
85 2
1885 6
6409 4
6718 3
6293 1
9353 0
561 3
785 1
8279 9
9967 7
11095 6
144 1
4692 3
2754 5
3088 5
9770 5
5576 1
3845 1
7754 3
5211 3
10885 4
1632 5
764 1
9716 5
10866 4
3125 5
1511 7
7808 3
11197 3
92 2
9308 7
2988 1
6156 3
1899 1
654 5
4064 3
4158 7
711 1
2574 4
1798 7
8314 3
2906 1
422 3
4580 3
2761 3
3980 3
7320 3
8346 3
10198 7
9791 9
7729 7
2882 7
7563 3
7123 4
9785 5
2229 3
11189 3
8568 1
4155 3
10171 7
1954 6
4913 2
5047 1
7931 3
10802 1
5676 3
2399 4
5223 1
3884 3
10193 7
10325 7
1588 7
10006 7
7575 8
8773 0
7360 4
4533 3
3348 1
5860 3
6574 3
2860 7
2723 4
11064 0
8003 3
5883 3
6683 1
5806 3
2824 7
7627 8
3516 0
1347 1
8713 1
7851 1
6524 6
6771 6
4998 2
9116 0
86 1
4894 2
3042 5
4333 3
1606 7
7782 3
2914 1
3571 0
6441 5
4119 3
8070 3
10306 7
3313 1
8181 6
1122 1
1138 1
7 4
6389 1
11129 3
9940 3
9732 5
4047 3
7466 1
6849 6
10029 7
2161 4
3689 1
4984 6
11151 3
8708 1
10917 9
6242 1
3341 1
2815 7
6217 5
10423 7
1601 7
10743 0
6100 1
6894 4
10921 7
3750 3
5156 2
7322 4
6570 6
3649 3
5121 2
7785 3
7558 4
7569 7
7847 3
10442 7
10606 7
4336 2
10289 7
9406 5
9081 0
1153 1
6225 3
6048 3
4617 3
5807 3
3769 5
7828 3
6580 6
11045 1
7941 3
2145 4
4552 3
6060 4
2958 1
9961 1
7285 4
9102 0
4330 3
4979 1
6111 3
8956 0
1822 6
7946 3
9969 1
2795 7
5447 1
3879 1
3746 3
10761 0
3445 0
9783 5
7910 1
8492 7
5953 3
8493 1
28 4
3974 3
5296 1
3810 3
1816 3
3716 3
7031 3
7644 0
1034 5
1674 7
6055 3
8331 3
9773 5
10698 0
1562 7
9763 5
2777 8
4190 6
4841 3
880 6
1317 4
4244 3
7315 4
4316 3
7390 1
2814 7
2992 1
4702 3
909 1
2303 4
8811 0
8133 3
2641 4
1842 3
7824 3
1656 7
10449 7
3624 3
9015 0
10895 4
3167 2
3197 3
4187 0
5901 3
3681 3
2841 7
1512 7
11079 9
10217 7
2732 8
11223 9
10139 7
5510 3
3099 5
11240 9
8709 1
9359 0
5871 3
3512 0
5360 2
10498 7
6916 4
9689 5
1754 7
10612 7
7763 3
452 4
6741 6
10913 1
8556 1
1121 1
11194 3
3346 2
4524 7
3222 1
4785 9
7924 3
4509 6
6283 3
6207 4
6363 5
9194 0
2284 4
3059 5
10846 9
7577 7
1356 1
2164 4
2075 4
5991 3
3702 0
10386 7
4542 4
10384 7
945 1
1615 7
722 3
6144 3
3433 0
10026 7
2474 4
7856 3
1844 6
9009 0
9562 5
9262 0
1895 6
1392 0
6699 6
5621 1
9567 5
5104 1
10388 7
6527 6
2862 7
8989 0
5126 2
10190 7
10104 7
6436 1
2358 4
10604 3
5390 1
2409 4
22 2
1607 7
9122 0
8471 0
9628 5
4434 6
8658 0
1718 7
8895 0
7698 7
8947 0
2096 4
7757 3
5828 3
10808 0
509 3
3307 1
5674 1
1997 6
1736 7
3353 1
940 1
10237 0
9818 7
10971 3
3484 0
7543 3
9134 0
3397 0
6342 3
9335 0
776 1
10887 4
9118 0
4925 1
5832 3
917 1
775 1
9507 5
3838 3
6320 1
9687 5
6680 6
1628 7
4981 2
10143 7
3115 5
9731 5
7346 4
6983 4
10282 7
7275 4
3943 3
10364 7
8154 1
6918 4
7998 0
9455 5
3159 4
1808 7
9049 0
3929 3
6738 6
8683 0
9905 0
646 4
497 1
1699 7
6592 6
6340 0
615 3
10300 7
4799 9
7861 3
5974 3
3535 0
4610 9
10301 7
8414 5
214 2
10552 7
428 3
5057 2
1569 7
9727 5
9415 5
10229 7
1943 6
6640 6
7859 3
322 6
10914 9
7492 4
3272 2
10238 7
7993 1
6796 3
2324 4
6635 6
8571 1
10428 1
3568 0
10488 7
5899 3
9589 5
5385 2
2062 6
10391 7
3831 6
537 3
1735 7
7692 8
150 2
8516 1
419 3
1176 1
5696 1
10931 5
3544 1
7108 4
11004 5
1049 5
1112 5
4896 2
3605 3
2645 3
5618 1
1276 6
3030 5
4777 6
4087 3
1407 7
252 2
6040 3
1278 1
9439 9
4752 3
9381 0
4897 1
10292 7
10036 7
7656 7
4454 3
10729 0
10673 6
8168 1
8735 1
9637 5
10748 0
767 1
10864 4
11133 3
7312 4
10369 7
3970 3
4565 4
629 3
7912 5
2817 7
5757 3
1061 5
10702 0
7934 3
6373 3
5412 5
5133 6
49 2
715 1
4152 3
1343 6
8548 1
5433 0
8039 3
7154 4
8364 0
8712 1
3854 3
3045 5
9307 0
11121 3
8267 3
8640 1
5147 2
5958 3
10922 7
2606 4
2734 8
1227 1
7891 5
7374 4
327 1
8062 3
2012 6
8907 0
1469 0
8146 3
4496 6
3638 3
4563 3
5613 6
6332 3
2069 6
10141 7
68 2
1950 6
4102 1
5620 3
10749 1
9927 7
8538 1
8253 3
8461 1
2897 1
10903 3
10408 7
3309 2
9036 0
2524 3
1730 7
6209 3
8396 3
5 1
9055 0
10667 1
9525 5
5204 1
3280 3
3735 3
8023 3
3872 3
2426 4
3757 3
11222 9
9040 0
3694 3
8926 0
4008 3
10375 7
10405 7
375 3
10663 6
3168 1
5114 2
4846 3
5632 1
9699 5
8488 1
3724 3
10240 7
713 1
1811 7
1834 3
11092 6
5862 3
496 5
11217 3
8217 3
10780 0
2275 4
3866 3
3149 2
8641 1
3979 3
4544 3
5575 2
6327 1
2656 4
513 3
1344 4
1698 7
3742 6
5039 1
2650 4
9654 5
4562 3
8707 1
9881 1
8174 6
6998 4
5896 3
11088 6
9058 0
6262 3
8854 0
4005 3
6815 1
2875 7
7890 3
6930 4
8240 5
714 1
5818 3
10271 7
3114 3
6550 6
9580 5
6981 4
2556 4
9240 0
5889 3
5663 7
4384 3
3092 5
6427 3
3540 0
7538 3
4705 3
2735 8
8730 1
9380 5
9195 0
5092 2
2544 4
3714 3
9463 5
6052 3
10767 1
6606 6
4766 3
5681 8
2326 7
381 3
8971 0
5671 0
4934 2
4498 6
3502 0
9355 0
5727 5
11091 6
6122 3
8622 1
1238 1
6140 3
5219 6
10523 7
2980 1
6604 6
6150 3
4938 2
8507 1
3328 1
2373 4
7549 0
4097 1
8778 0
5778 4
6367 4
3311 1
3218 2
4622 4
2251 4
5547 2
6949 4
5316 6
6586 6
8068 3
2330 4
0 4
9470 5
8759 0
8629 1
920 1
10994 5
7361 4
8324 3
3525 0
5253 1
2085 4
1523 7
8017 5
8244 3
4479 6
135 2
5736 6
6510 6
148 2
4402 6
3476 0
354 1
5910 3
2122 4
1048 5
10579 7
11093 6
6725 6
7334 4
5941 3
7899 3
2196 4
5811 3
4528 3
4772 3
2371 4
5531 0
9393 0
3380 3
5332 1
2107 4
10854 3
5284 2
10433 7
3213 1
7299 4
10222 7
7470 3
5395 1
7752 6
8359 3
6321 6
4006 3
901 1
9125 0
5331 2
4969 2
1910 6
4309 3
4784 9
6501 3
6716 6
2601 4
7888 3
1779 7
3561 0
10890 3
7145 4
4807 9
4783 9
38 1
4859 5
6137 1
6886 4
7232 4
8973 0
6836 6
7021 4
6865 4
1357 1
1558 7
136 0
7811 1
5983 3
1106 5
3984 3
8638 1
10495 7
1995 6
101 6
9702 5
5623 1
9135 0
5596 1
10985 3
8424 1
6045 3
6540 3
9854 5
6257 3
6679 6
6204 3
7028 4
7333 4
10165 7
9358 5
6382 5
1969 6
8318 3
1682 7
2018 6
7791 3
8628 1
9191 0
8261 3
5274 1
1733 7
7238 4
5442 2
8885 1
8670 1
10899 4
1599 7
9852 5
8790 0
6383 3
479 3
8573 1
6384 4
2116 6
2538 4
3909 3
1369 1
7019 4
11176 3
9995 0
1228 5
1280 1
8494 1
8398 3
1262 1
2626 4
7574 8
578 3
11013 5
10192 7
8276 3
348 3
4693 6
4448 6
7521 1
6994 4
8692 7
9109 0
4918 2
3788 3
9929 1
9570 5
6031 3
1339 1
9479 5
6128 4
7849 3
11104 3
5138 3
871 7
11249 9
4380 7
385 3
7494 1
2044 6
1045 5
965 1
1972 6
10847 4
7467 4
5917 3
6005 3
8608 1
973 5
6758 6
10457 7
2864 7
3946 3
8326 3
4356 1
11094 6
7049 4
7369 4
3021 5
8636 1
1436 7
6562 3
6778 3
3383 0
1398 7
3143 1
3749 3
6834 3
8052 3
8566 1
459 3
7046 4
3663 6
5172 2
11016 3
8736 4
3565 0
9804 9
966 1
838 1
535 3
9663 7
5389 2
2810 7
5010 0
10600 7
10978 3
3867 3
10290 7
4715 5
4293 3
9017 0
5450 2
7459 4
3002 1
11140 3
9069 0
2471 4
1136 7
53 1
6966 4
272 1
7797 3
4694 3
6910 4
9714 5
3086 5
5117 1
3084 5
10074 7
7134 4
10988 3
7256 4
3664 3
5185 3
6211 1
8416 1
1526 7
379 3
1175 1
9789 5
4628 6
9046 0
374 1
6681 6
3418 3
2412 4
823 1
2440 4
3321 1
5123 3
10345 7
9949 1
1904 6
10643 7
10012 7
4794 9
10745 0
4750 3
8288 3
6273 3
10236 7
7622 7
6245 3
9390 0
11124 3
7237 4
7307 4
771 3
2684 4
8647 0
4063 3
2820 7
4959 1
8912 0
6131 3
6853 4
4714 3
269 2
9222 0
3586 1
11164 3
1400 7
4965 2
8835 0
3496 1
782 3
5666 0
2927 1
7318 4
8645 1
2548 4
8547 6
10243 7
8718 1
56 2
9255 0
2807 7
316 1
5226 1
9403 5
4230 7
8135 3
9444 5
9587 5
7533 3
8942 7
4600 6
10659 6
9016 0
7631 9
2701 4
2274 4
6933 4
780 4
6520 6
3706 3
2719 4
2088 4
6766 1
8765 0
10491 7
7063 4
4086 3
9256 9
5232 2
9907 3
2989 0
593 5
4792 9
1360 3
4824 5
10533 7
5644 8
4350 3
36 2
4078 3
10037 7
9186 0
9216 5
4379 4
4232 3
7296 3
2404 4
4884 1
8788 0
10837 0
4971 1
6677 6
10281 7
2428 4
9531 5
4480 6
1595 7
2222 4
9600 5
514 3
7409 4
2370 4
220 2
8383 7
5929 3
9093 0
1600 7
9721 5
5959 1
5606 1
984 5
108 2
3798 3
5587 1
7471 5
8684 0
3964 3
7127 4
6502 6
10399 7
10355 7
8406 0
6797 6
78 2
6165 6
762 1
4355 3
4996 2
1345 2
9520 5
2520 3
5306 1
8271 1
421 5
3836 3
639 3
8522 1
623 3
8351 3
1367 0
4259 3
10163 7
8750 1
6023 1
7411 4
1243 1
338 0
4991 2
9448 5
9772 5
1220 6
1827 0
7324 4
1655 7
10497 7
649 4
7144 4
3777 3
10176 7
6839 3
7038 4
7526 4
4483 6
6987 4
10046 7
4642 3
7867 3
2463 4
6082 5
280 2
6316 3
9659 5
192 0
6656 6
2683 4
7202 4
5537 3
5859 3
345 3
9633 5
7997 3
5072 2
8677 0
8098 3
10582 7
4357 3
6278 3
7215 4
10942 5
2587 4
5310 1
1675 7
1036 5
793 1
5973 3
100 2
3076 5
5007 2
7570 8
2648 1
7696 9
5191 1
5595 0
2040 2
2665 4
985 5
9845 5
6315 3
572 4
2252 4
5945 3
10809 0
1739 7
7383 7
2569 4
3490 3
5333 1
9188 0
9510 5
5900 3
458 5
10214 7
4882 2
11082 3
9287 0
5382 3
7452 4
9608 5
8245 6
6808 6
10348 7
1117 5
4181 3
3359 1
4885 2
88 7
11270 1
1982 6
7415 4
6466 3
9101 0
9650 5
4700 3
1662 7
5357 0
8065 3
4314 3
3665 3
3832 3
932 1
10402 7
1486 0
9885 1
5770 5
5932 3
6674 6
7839 3
7732 1
6499 6
3799 3
465 1
3840 5
2191 4
2532 4
4342 3
8171 3
6690 3
9530 5
175 2
3495 0
314 2
794 1
3902 3
4179 3
6964 4
8983 0
8546 0
6777 6
7590 5
7958 3
6728 6
1868 6
8193 1
801 1
1405 7
8826 0
2950 1
5303 2
10007 7
10231 7
7736 3
10138 7
2912 7
503 3
6830 6
9376 0
2944 3
4123 3
4150 6
5852 3
9423 5
2689 4
3713 3
8798 0
1857 6
8643 1
2065 6
9356 0
6516 6
4366 3
10250 7
1337 3
8439 7
4165 3
5640 1
2651 4
9743 5
992 5
900 1
2674 4
6518 6
10733 1
6663 6
3210 0
2335 3
1142 6
3911 3
2728 8
6268 3
2639 4
4100 3
8456 1
3085 5
4895 2
6925 4
2801 7
2594 1
2931 1
3019 5
10613 7
4292 0
3704 3
2472 4
10002 7
8061 3
3080 5
5452 5
10672 6
1846 6
576 3
7750 3
4310 3
7083 3
1221 3
10393 7
614 7
5733 6
4149 6
11262 9
2782 8
9076 1
9124 1
10944 5
4037 3
259 1
1191 1
4178 3
5029 2
1185 3
6929 4
249 0
8896 0
8555 3
7288 4
9245 0
9577 5
7342 0
10570 7
3780 8
11171 3
1025 5
3524 0
9066 0
5589 2
1570 7
732 1
10261 7
6569 6
2309 4
9402 5
9111 0
9319 1
10568 7
8106 3
1013 5
5590 6
1729 7
11157 3
6243 3
4166 6
10094 7
2381 4
2518 4
1119 1
605 3
836 1
6505 6
2417 4
116 2
3511 4
11236 9
2190 4
3982 3
10554 7
6146 5
8769 0
1919 6
977 5
7343 4
3226 1
9964 7
6535 3
3126 5
4880 2
8740 1
4703 3
4701 3
9452 5
8140 9
6672 6
3527 0
10918 0
10473 7
2057 6
7666 7
4124 3
9898 3
8987 1
6487 6
9323 0
5376 2
3055 5
4463 6
10128 7
6347 4
8845 0
3834 6
7520 4
9050 0
4278 3
730 0
4557 4
6735 6
9029 0
10242 7
8322 0
6561 6
1610 7
3936 3
7501 3
5176 2
10349 7
10609 7
1429 7
8659 1
10657 6
8951 0
189 1
7661 8
2175 4
7695 7
3150 2
1386 0
3701 3
9251 1
7942 3
7389 4
6263 3
7751 3
8660 1
3533 0
7804 3
10424 7
2901 1
6609 6
5721 6
6267 6
3686 3
3254 0
1704 7
778 3
318 2
6709 6
489 3
6309 1
3499 0
9942 7
10974 3
6921 3
3853 3
8401 5
4836 0
115 6
342 4
2166 4
1264 0
1719 7
1580 7
5607 1
4655 3
3564 0
8042 3
4493 6
137 1
6682 1
6521 6
6743 4
4830 5
4579 3
2658 4
2704 4
3342 3
4216 3
8237 1
3981 3
6868 4
510 3
6594 6
320 1
13 5
6816 6
4062 3
2871 0
7289 4
9059 0
6324 5
138 0
2296 4
6080 3
6869 3
3988 3
8950 0
3241 1
10665 6
964 4
2681 4
3574 1
5816 3
481 3
7358 4
6046 3
9235 0
9540 5
1166 3
3120 5
1906 6
9579 5
8500 0
7402 4
5203 2
6863 4
2693 4
7264 4
1074 5
2214 4
9310 0
5878 4
7503 4
5260 3
2714 3
9860 3
3294 3
3315 1
10811 3
10383 7
924 1
6720 3
5127 1
5353 2
6086 3
2136 4
1158 1
2567 4
6783 6
10703 0
9459 5
4438 6
11012 5
6234 3
9244 1
2319 4
9063 0
399 3
5240 2
10042 7
10070 7
8715 1
10133 7
7865 3
3389 0
8099 3
4334 3
2400 4
5936 3
2919 3
7040 4
4684 3
5672 6
6435 6
1041 5
9592 5
495 3
7970 3
6512 6
2760 8
7079 4
8582 1
8609 1
7902 3
9176 0
3283 2
72 2
515 3
10381 7
3363 1
8910 0
5762 3
1020 5
4458 6
10068 7
6386 5
10573 7
267 1
3151 2
10200 7
1009 5
10341 3
3247 1
1370 6
6183 3
3037 5
4010 3
9142 0
7955 1
11046 1
4358 6
2104 1
4094 3
1998 6
6715 3
7588 5
186 2
6081 4
4305 3
912 3
1770 7
1706 7
10358 7
6422 4
9910 0
9532 5
4066 3
4881 1
1825 6
3640 1
10145 7
5036 0
3069 5
2581 4
8768 0
2831 7
10701 0
9908 1
3939 3
8394 3
4397 3
3856 1
10189 1
4850 5
7572 8
10013 7
9539 5
6442 3
10144 7
3960 3
825 1
5970 3
6643 6
1705 7
4802 9
3314 0
3841 5
2470 4
9295 0
1962 3
6362 3
1507 7
5774 3
1703 0
5790 3
620 9
1992 6
3145 1
10092 7
10216 7
937 1
194 1
6201 3
7740 3
1866 6
7194 4
1094 5
5230 3
3850 3
5148 2
1477 7
2703 4
902 1
590 3
5346 3
10675 6
5015 2
10220 7
6874 4
10737 0
7795 3
1133 1
4320 3
3111 5
3376 0
5398 0
1865 1
4326 3
10387 7
10781 0
7605 8
10713 0
5800 3
5391 4
5467 4
11220 9
5246 1
1154 1
426 3
7207 4
6750 6
8975 0
2596 4
7146 4
1936 6
2890 7
1911 6
5989 3
943 1
113 1
2277 4
7709 7
2468 4
6083 3
274 2
1236 3
1485 7
3252 7
949 3
2111 4
10063 7
5167 3
5867 3
35 6
5312 1
200 2
9667 5
4973 1
11081 3
8066 3
2805 7
3963 3
4997 2
925 0
11041 1
10626 5
2467 4
10952 5
10184 7
4985 2
471 4
8130 1
7025 4
6329 1
5967 9
10536 7
2499 4
10789 9
6496 6
4992 0
9551 5
2963 1
2809 7
8285 3
5776 3
6044 3
829 3
824 1
4340 1
10561 7
4583 3
1826 0
7201 4
2525 3
4348 3
8170 3
9543 5
2334 3
9838 5
10826 0
6370 5
9079 0
26 4
3058 5
1015 5
5404 2
7263 4
4645 3
7438 3
599 3
10018 7
5278 1
91 1
3513 0
4279 3
7033 4
10827 0
7614 8
5210 1
7852 5
10588 7
6085 1
6710 6
6702 6
1803 4
10404 7
9824 5
1399 7
5222 1
3595 3
10678 6
7755 0
1702 7
437 3
4571 3
7017 4
2177 3
3622 5
8865 0
1059 5
4819 1
11186 3
10677 6
9192 0
1917 6
9428 5
3926 3
11044 1
2868 0
8345 5
1759 3
8464 1
549 3
2045 6
598 3
10221 7
3057 5
8219 3
5902 3
1146 0
1494 7
2010 1
9658 5
5951 3
9865 7
1633 4
10085 7
5526 2
3282 2
1292 3
361 3
11085 9
5649 2
3767 3
491 3
10066 7
4132 4
2999 1
7094 4
5314 2
1252 1
6611 6
2708 4
6993 4
3489 1
2421 4
4464 6
9246 1
5018 2
9234 0
8634 7
7186 4
8197 3
904 1
10396 7
1435 7
1747 7
2292 4
4487 6
8697 1
8632 0
933 2
8772 7
5304 3
2752 8
1460 7
1804 7
10022 7
7117 4
9642 7
1976 1
4553 4
4414 1
2561 4
10587 7
9558 5
3776 3
6456 6
4229 3
5402 1
5287 1
4177 3
7044 4
3212 0
10050 7
282 7
3837 3
1057 5
2751 0
8356 3
8303 3
433 3
2630 4
1315 1
11022 5
7801 3
663 3
3095 5
913 1
4536 3
6645 6
3889 3
8278 0
10510 3
4961 2
11053 1
7410 4
2941 1
755 1
3067 5
10357 5
3224 1
2273 4
5445 2
3632 3
1464 7
7802 3
4825 5
2258 4
6255 5
1055 5
3011 5
4168 3
2121 4
7122 4
7068 4
7010 4
1918 6
9487 5
3103 5
8855 0
5107 1
5046 2
2223 4
3811 3
326 2
8988 0
7174 1
6451 0
2765 0
2729 7
2659 4
3719 3
6034 3
2129 4
9864 5
9386 0
5171 0
5100 0
8024 3
10876 4
10385 7
6714 6
6525 6
3922 6
6299 1
8837 0
4574 3
5540 1
3012 5
1307 1
10124 7
3240 1
6117 3
10589 7
6015 3
4833 5
787 0
8411 1
6353 3
3647 3
9291 0
3907 1
1170 1
10750 0
9710 7
7654 8
7786 3
10712 0
7475 3
2873 7
4461 6
10044 7
5798 0
7816 3
476 4
2377 4
5157 3
10527 7
2534 4
3137 4
4428 1
1801 7
10515 7
726 1
9560 5
4154 3
3132 5
11030 0
5321 1
10264 7
8563 1
6661 3
3372 7
9698 5
6985 4
10953 5
380 1
2439 4
3567 0
9112 0
4858 5
5490 4
5654 3
8978 0
4410 6
3949 3
717 2
4246 3
2433 4
6345 1
2220 4
3112 5
3921 3
4249 3
9630 5
10813 1
10539 7
728 1
3174 2
6057 3
9184 0
4129 3
936 0
250 0
7106 4
4629 3
6809 6
9890 1
9519 5
1431 7
4375 1
3919 3
6276 3
8593 5
10228 7
1931 6
847 1
9914 3
878 1
7135 4
10317 7
3577 0
2772 7
4661 3
10178 7
4823 5
4592 3
10689 3
1313 2
7994 3
7130 3
1664 7
3299 0
1644 7
7309 4
81 2
3063 5
2956 1
2321 4
8234 3
3562 1
8756 1
3593 0
5866 5
1237 1
7403 4
5334 1
11181 3
7283 4
5897 3
482 4
4905 2
5451 3
5424 4
1953 6
10088 7
4931 2
5031 2
7480 4
3858 3
164 1
10735 0
1390 1
8088 3
9202 0
6174 3
7446 4
5152 2
1630 7
10136 7
1086 4
1984 3
4283 3
10979 3
2903 0
10422 7
10409 7
11215 3
9061 0
5237 7
3437 1
7398 4
10413 7
3695 3
9032 0
2955 4
4935 2
8092 3
1456 7
2834 7
4767 3
2256 4
11154 3
11101 6
7790 1
9774 7
3378 4
5139 1
6036 3
4787 9
9999 4
2983 1
4351 0
10791 0
7929 3
11065 6
10825 0
7085 4
4619 3
9153 0
125 3
6196 3
573 3
10001 1
10469 7
9870 5
6908 4
7172 4
8914 0
5779 3
7098 4
2369 4
7353 4
11040 0
9819 5
8810 0
4234 3
5658 1
553 5
5489 2
9596 5
10755 1
8852 0
7986 3
3606 3
7228 4
2895 1
9976 7
6860 4
7310 4
9718 5
539 4
7016 4
8176 3
8079 6
1316 1
7329 4
11234 9
1838 2
9175 0
11061 0
4033 3
6975 4
11033 1
4250 3
8933 0
7043 4
7423 4
4247 3
5118 0
2230 4
5583 0
2497 4
2152 4
2473 0
687 4
10083 7
10840 5
4964 2
8026 3
8127 6
1178 3
10776 0
7952 3
3846 3
8325 0
2990 3
408 0
2647 4
6004 1
4045 1
8129 3
7395 4
733 1
8679 1
9601 5
6578 6
7681 8
7311 4
6093 1
5329 2
9189 0
2676 4
9304 0
1565 5
5795 3
4764 3
1603 7
443 2
7502 4
3618 3
7104 4
2311 1
6957 4
197 2
8796 0
6058 3
7281 4
1625 7
8964 0
6564 6
7141 4
1543 7
3973 3
1261 1
9809 5
7103 4
10440 7
1291 1
10555 7
7205 5
10185 7
5504 1
7125 0
7328 4
600 3
2743 7
3163 2
291 6
3356 1
5541 2
3258 3
2986 1
1527 7
1439 7
1054 5
2415 4
2566 4
4513 6
4245 3
8892 0
1030 5
4184 3
5888 3
182 1
9163 0
4383 3
10872 4
9612 5
6330 3
1162 3
788 0
1362 1
4369 3
1475 1
8085 3
1092 5
5916 8
6526 6
7682 8
5966 6
7056 4
9603 5
6092 3
5362 2
5532 2
1741 7
5454 2
3117 5
20 1
4209 1
6761 6
5759 1
5263 2
1513 7
3897 3
5006 3
1616 0
8001 3
1874 6
9549 5
983 5
568 3
741 1
2455 4
7776 3
10602 7
5005 3
5923 3
8924 0
7591 7
3760 3
5506 2
3202 5
7642 0
8236 5
8661 0
5977 3
1334 1
7231 4
9226 0
3435 0
4842 5
7977 3
10265 7
6395 3
10069 7
2198 4
10959 5
3050 5
8496 1
5233 2
8185 3
9765 5
2393 4
1472 7
7430 4
9694 5
2014 6
8473 1
6939 4
1152 1
10439 7
2910 1
8700 1
2201 4
10544 7
6336 4
4270 4
4963 0
8075 3
3306 2
1585 7
10763 9
9239 0
6850 3
3172 2
774 1
10718 0
6469 6
8767 0
8751 5
3386 0
6490 6
3170 1
4407 1
4327 3
8134 1
10706 1
2290 4
8163 3
4761 3
1311 3
676 3
10821 0
9105 9
2372 4
4223 9
1835 3
11112 3
1617 5
4734 1
11127 3
217 0
7190 4
9316 0
2812 7
3873 3
5208 1
4956 0
3536 1
8920 7
41 2
5505 4
8537 1
3338 1
5863 1
5325 1
43 2
8490 1
8849 0
5864 6
1720 7
1938 4
8229 6
2109 4
3708 9
9911 1
7088 4
6306 6
1216 0
10950 5
2680 4
7799 3
1880 6
4954 2
11190 3
9427 5
1253 1
7443 4
669 3
6161 4
2745 8
3466 0
7090 3
1993 6
3682 4
6033 3
10671 6
894 1
8644 1
727 1
1535 7
7534 4
276 2
4719 3
5933 3
3233 2
3754 3
10801 0
4159 3
2444 4
2458 4
6392 4
3573 7
4523 6
1172 1
4134 3
7826 3
4538 3
6712 6
10803 1
6500 6
2101 4
3497 0
10849 4
5890 1
9100 0
5952 3
6861 4
9874 1
1681 3
4435 6
340 3
3526 0
3101 5
7944 3
1710 7
10406 7
3645 3
8213 0
10052 7
6428 1
7450 4
8258 6
744 1
4849 3
6595 7
2788 8
8270 3
3339 1
2784 7
1653 7
4866 5
3025 5
2194 4
10762 0
5146 2
8523 1
7185 4
11252 9
536 3
6112 1
4669 3
8521 0
9960 1
5086 0
1965 6
2874 7
3991 3
9817 5
1214 1
1270 1
2512 4
5470 6
9178 0
3588 0
1598 1
8863 0
2011 6
3900 3
8938 5
4682 3
1206 1
4318 3
10503 7
11138 3
2612 4
975 5
560 7
7651 8
11059 9
6875 4
9264 1
11000 5
5838 5
2004 6
1894 3
4468 6
1620 7
359 7
5743 1
4877 1
8614 1
10507 7
4499 6
1099 5
2020 6
1939 6
9614 9
6413 3
3248 2
1085 5
2388 4
1548 7
5615 1
6879 4
1484 7
7319 4
4227 3
873 0
891 3
6847 6
5924 3
7825 3
7761 3
10856 4
5087 2
869 3
142 2
6691 3
6965 4
6105 3
9464 5
9062 0
9151 0
3245 1
2591 4
3871 3
7857 3
2947 7
9048 0
6506 6
10208 7
10947 5
7531 3
480 3
8361 6
9371 0
6873 4
7863 3
7704 7
10652 7
3090 5
4401 6
10590 7
1859 6
5206 1
3153 1
1346 3
5494 2
1458 7
3786 3
9053 0
5324 2
1181 5
5355 1
565 4
7748 3
3214 3
5976 3
9830 0
6300 4
613 3
4576 4
1274 1
11116 3
7981 3
3264 0
2338 4
7966 3
6049 3
9236 0
3364 1
2843 7
9978 0
8525 1
4851 5
11134 3
2830 7
8590 1
7052 3
2408 4
2519 3
1980 6
634 3
8370 3
1266 7
5874 3
5942 3
6215 1
213 2
6922 3
7378 4
9431 5
4467 6
2462 4
9938 1
9697 5
3728 3
3945 3
8732 0
8543 0
1905 6
6623 6
3920 3
9574 5
6366 3
7553 4
107 2
5083 2
2954 1
1898 6
4556 3
6835 3
284 2
2153 4
9103 0
892 1
6958 4
401 3
603 3
9272 0
10270 7
2089 4
89 2
4722 4
6541 6
6597 6
6907 4
11264 9
3953 1
3470 0
5426 0
9366 0
6754 6
9767 9
3022 5
1396 7
5482 1
3412 1
8073 3
2747 8
8250 3
5574 1
5659 3
7544 4
4643 5
4324 3
1622 7
3859 3
7988 3
980 5
7647 0
8348 6
4644 5
6923 4
6662 6
7640 9
7712 7
2092 3
7468 4
7768 3
5591 4
2114 4
701 1
5787 3
10836 0
6636 6
4328 7
8207 3
9119 1
1631 7
4145 3
11259 9
10079 7
9631 5
4899 2
7789 3
7989 3
4080 3
9446 5
123 1
4346 3
686 3
8808 1
8876 0
2127 4
9897 1
2991 3
6282 5
5543 1
1791 7
1171 2
682 4
1961 0
3790 6
9407 5
7717 7
5669 6
5898 6
8781 0
8578 1
10908 3
2588 4
3414 8
3880 4
1438 7
1890 6
5677 3
7914 5
9719 7
3020 3
4591 3
453 3
6193 3
8195 3
9097 0
652 7
5342 4
362 3
7437 5
3765 3
6377 3
8167 3
2968 1
611 3
4856 5
2695 4
1799 7
1669 7
1708 7
7700 5
9052 1
7571 7
8013 3
6123 2
3290 1
7918 3
7314 5
2413 4
8758 1
10411 7
2570 4
2493 4
2270 4
5734 3
8667 1
10530 7
8553 1
7380 5
4993 1
3753 3
2365 4
6433 3
7762 6
4717 3
7880 3
9228 1
2063 6
2343 3
6732 6
3818 3
822 1
2764 8
11028 0
8998 0
1003 5
4341 1
8813 0
2505 4
4930 2
3956 3
10420 7
2973 1
3787 3
341 6
6369 3
10764 0
1787 7
4291 3
2593 4
802 1
9518 5
5268 3
6400 3
1222 3
5708 1
2052 2
5698 6
2539 4
8072 3
3192 3
3990 3
5655 1
2620 4
5630 1
4055 3
7100 4
2913 1
8586 1
4832 5
6084 3
9328 5
11159 3
7022 4
555 5
693 3
187 4
8594 1
6740 6
3541 1
5999 3
5023 2
5739 6
659 3
9183 0
10318 7
3136 5
1336 1
5307 6
1691 7
10623 7
9267 0
5199 2
4939 2
2055 6
9030 0
7304 4
5751 3
8872 0
2918 3
8668 1
10296 7
9958 1
2128 4
1774 7
8284 3
10053 7
6365 4
7617 0
1539 7
5808 3
9352 0
6675 6
6106 3
7842 0
986 5
694 4
6088 4
7769 3
1251 1
3849 3
7208 7
971 5
6843 3
1712 7
9064 0
3396 0
4417 4
6248 6
11031 0
5921 3
2438 4
4952 2
9482 5
337 3
7504 4
10649 7
8095 3
10574 7
9811 5
9206 0
7062 3
619 9
6670 6
7473 4
4015 6
3417 1
9031 0
6177 1
9745 5
1226 1
1380 0
6184 8
3024 7
9953 1
6582 3
868 3
10134 7
9435 5
2106 4
6418 4
6605 6
1758 7
4826 3
9465 5
331 3
1303 1
2163 4
6294 1
303 2
9437 5
5948 6
1257 5
2924 3
1852 6
4044 3
6199 3
2441 4
7221 4
8552 0
1530 7
7943 3
11054 1
7807 3
5819 3
6074 3
5493 2
9735 5
261 3
4839 3
9649 5
8960 1
11 2
610 4
4252 3
2738 8
8706 1
1875 3
7562 4
1295 1
673 3
6337 1
827 4
9950 3
2254 4
10553 7
5562 6
3421 0
9495 5
10123 7
1552 7
8263 0
1440 7
6239 3
6539 6
2249 4
2523 4
7866 3
942 0
2998 1
7568 8
511 3
4075 6
4083 5
2798 5
5931 3
5054 2
8771 0
1728 7
4393 3
3707 3
4030 3
3173 1
720 4
10628 3
655 5
4416 1
9117 0
9781 5
8100 5
8328 0
1863 6
7338 4
6560 3
5379 0
5403 2
5737 0
4469 6
7266 3
11251 9
6764 3
61 1
6071 3
5480 6
7592 9
6970 4
2718 4
3761 3
9728 5
1299 1
6915 4
2888 7
3366 5
9920 1
8958 0
9790 5
5291 1
9268 0
5782 6
4706 3
7224 4
6547 6
3231 2
919 1
9615 5
6533 6
3480 0
4650 5
6334 3
1014 5
5479 1
10454 7
7876 3
5665 1
11017 5
242 2
4712 4
6651 6
923 1
2664 4
889 1
699 1
946 6
3477 0
9559 5
230 2
3215 0
490 3
253 1
9129 0
10830 0
7151 4
5763 4
7745 5
1657 7
4601 6
9509 5
6354 1
10995 5
32 2
1626 5
10470 7
7535 4
2337 4
1358 1
2158 4
1659 7
960 1
7960 3
6295 8
7316 4
11010 5
6581 6
10479 7
6919 4
3051 5
8044 3
8342 3
9572 5
1365 1
6385 5
10754 0
8567 5
5173 2
1425 7
4751 4
10937 5
5857 1
155 7
1113 5
6421 4
6056 3
5255 2
3952 3
8057 3
10868 4
10115 7
5184 2
11011 5
10376 7
9529 5
9537 5
1797 3
7747 3
4353 3
2210 4
9152 0
1828 6
10166 7
1246 1
9398 0
3382 0
6889 4
7290 4
4199 3
6988 4
929 1
7718 7
10997 5
8908 0
97 3
4203 3
9729 5
6129 1
1508 7
9354 0
6769 6
7926 3
3634 1
10881 4
2583 4
6249 3
308 2
2074 4
10638 7
1944 6
791 3
178 2
3023 3
10276 7
1796 7
1011 5
5410 0
2579 4
2302 4
4391 3
4507 6
4755 4
4176 3
9645 5
9573 5
11018 5
10855 4
8218 3
1333 1
4927 1
2188 4
8618 0
9541 5
4828 3
11268 1
5656 2
5993 3
9469 5
8653 0
4307 3
2925 1
2362 4
3200 1
6447 7
7525 4
3404 0
3027 5
5044 2
198 1
7813 3
1241 1
11026 5
9738 5
3768 3
4730 3
4857 5
3293 1
8005 3
1882 6
4032 3
6837 6
5477 1
7877 3
3542 0
8420 1
2180 4
9218 1
6192 3
9208 1
8251 3
1260 1
6871 4
4153 3
6659 6
5601 4
3347 1
8843 0
1785 6
10879 3
3741 3
7950 3
7741 3
7305 4
5673 1
8630 0
5008 2
10344 7
10107 7
4228 3
5419 2
7999 3
7356 4
5961 3
7132 3
10224 7
7116 4
8433 3
1520 7
9937 0
8770 0
2509 4
9640 5
11032 1
2185 4
2155 4
5387 1
7429 4
7908 3
1941 6
10127 7
2086 4
4409 6
2024 6
2649 4
1089 5
8580 1
2928 1
4503 6
2946 1
3774 1
4021 3
1861 6
5943 3
8160 3
9840 5
2969 1
4949 2
9555 5
7282 4
4104 3
2352 4
9894 7
551 3
5076 1
457 3
10816 0
5720 1
6087 3
4255 3
1923 6
879 0
4797 9
758 1
8369 3
2083 4
4 2
5633 0
7693 8
6311 4
2447 4
10197 7
470 4
9433 5
9602 9
7391 3
944 6
8737 1
747 1
7778 3
2981 1
9726 5
6953 4
1544 7
9242 0
5802 3
410 1
8080 1
10154 7
1778 7
4521 6
11177 3
5285 1
31 2
6108 1
4810 9
9336 0
1721 7
10305 7
8215 0
1393 3
9458 5
523 3
9820 5
3478 0
4220 3
4079 3
10359 7
3938 3
9173 0
2575 4
10575 7
4817 9
8419 5
3668 3
8898 0
10658 6
4950 1
9436 5
10097 7
6902 4
11078 3
10093 7
9576 5
2971 1
1999 6
3443 0
11006 0
1466 7
1990 6
999 5
499 3
637 5
5783 3
3809 3
9903 0
9187 0
8539 1
3425 0
8589 1
177 1
10398 7
7027 4
5909 3
5400 2
10744 0
8384 3
4131 3
10625 7
1022 5
8859 0
7020 4
2134 1
5352 1
5281 6
988 5
5311 1
10021 7
11165 3
11241 9
1434 7
4974 6
2016 6
10603 7
8157 3
3034 0
9155 0
2712 4
562 3
4748 4
4207 6
7129 1
7686 0
6145 5
257 2
9755 5
3893 3
6885 4
7509 4
1001 5
4126 4
1738 7
9848 3
7967 3
6700 6
3520 0
2635 4
2183 4
1249 0
3625 3
3266 1
407 3
6012 3
9975 1
931 1
7463 4
9875 1
9891 1
10740 0
8935 0
7091 4
1590 7
9083 0
347 3
10109 7
8782 0
9254 7
8832 0
3387 0
3416 1
6746 5
1821 6
8805 0
8925 0
9660 5
3169 1
4864 5
9994 3
5713 1
6989 4
6513 6
864 1
3040 5
9798 7
10597 7
4814 0
5273 2
6410 3
581 3
7110 4
11108 3
10445 5
5343 2
1177 3
3124 5
3118 5
7604 0
7772 3
865 1
1572 7
3545 1
5247 5
3869 3
3102 5
3269 7
9792 5
10407 7
7838 3
6461 6
4519 6
10025 7
7982 3
10960 3
8930 0
4421 6
4626 3
10010 7
3119 5
11218 9
10342 7
7265 4
5338 0
5272 0
969 5
6537 3
5099 2
7397 4
2948 1
7623 8
3107 5
7303 4
2132 4
4035 3
4430 6
9972 1
10262 7
10901 4
3381 0
8495 0
2970 1
9779 5
9895 1
1208 1
1230 0
8880 0
8655 7
4865 5
6411 3
10418 7
5038 0
4048 3
7518 4
6307 4
6852 4
6991 4
1076 5
4068 3
2067 1
3604 3
10374 7
9511 5
8432 1
2821 3
6076 3
2609 4
5183 6
7278 4
2699 4
7313 4
11239 9
4404 6
9014 0
5545 1
2425 4
9302 1
7250 4
7581 8
11035 1
3940 3
9709 5
4300 3
4656 3
1881 1
4289 3
5960 3
10105 7
8785 0
4789 9
4726 3
830 3
9167 0
2235 4
7874 3
5906 3
5063 7
5229 1
2533 4
1196 5
10485 7
3806 3
3677 3
4725 1
485 4
9249 0
6625 3
2282 4
8256 4
7670 8
1683 7
4665 3
5491 2
7176 4
6713 6
5826 3
8334 3
9056 0
2884 4
6414 3
10636 7
7405 4
9984 1
10646 1
5747 3
8705 1
3060 5
1129 7
3182 0
6571 0
8999 7
11098 6
6827 3
5453 0
9136 0
9434 5
3600 0
5286 1
11038 3
9424 5
8890 0
9618 5
1239 1
7817 3
7927 3
8296 4
446 3
9363 0
40 2
564 3
7887 3
1019 5
10196 7
5712 6
5631 3
4516 6
1829 1
8486 1
4962 0
7352 4
3569 0
8446 3
4664 3
905 1
7286 3
6269 3
3651 3
11237 9
5080 1
6817 6
1140 1
8748 1
3797 3
5245 6
4225 3
622 5
5135 2
1847 6
7940 3
3035 5
5805 1
5140 0
10213 7
7368 5
8780 0
6802 6
9720 5
2600 4
1579 7
781 1
666 3
2774 0
8714 0
6862 4
8009 3
5592 0
5177 6
3877 3
4219 3
8968 0
8498 1
10529 7
8008 3
8372 3
10448 7
2429 4
7853 3
10017 7
3128 5
339 4
9193 0
3886 3
6368 4
8517 1
9680 5
6841 5
5498 1
1996 6
10622 5
7925 3
2095 4
10000 1
5363 1
9139 0
6259 3
9290 0
8528 1
7484 4
3934 3
1021 5
604 3
334 5
6551 6
3249 5
5839 1
6434 3
2103 4
4018 3
877 3
8689 5
5524 6
3599 0
183 1
3460 3
96 3
10279 7
752 1
4110 3
6736 3
118 1
8696 0
9441 5
7497 3
1 1
4427 1
2842 7
575 3
8846 0
3251 1
3885 3
9089 0
4453 4
2694 4
7598 8
4668 3
8222 3
5597 2
2144 4
11228 9
8089 3
5670 1
9365 0
9357 0
8117 3
9722 5
1697 3
3178 3
4670 4
8151 1
1510 7
10182 7
10137 7
7477 4
6147 3
5657 1
10051 7
6546 3
6235 4
7001 4
5408 1
3061 5
8458 1
10547 7
5045 2
4412 2
9496 5
1649 0
7248 4
1843 2
11050 1
3865 3
10559 7
7412 4
3261 1
9515 7
2186 4
10595 7
9595 7
2565 4
10464 7
885 1
1629 7
10607 7
7537 4
6803 6
8474 1
6288 4
3146 2
6001 4
5471 2
9651 9
9201 0
8752 1
5894 1
5697 3
9814 5
3558 0
5262 2
1008 5
6558 6
10810 0
7354 4
5570 0
703 1
6522 6
1879 5
10389 7
11206 3
517 3
4615 3
1111 5
11008 5
8056 3
9904 0
8699 1
3325 0
4343 3
6118 3
5299 1
4704 3
351 3
4248 3
3687 3
8875 0
5361 2
8037 3
4281 3
4143 3
1090 5
5300 1
1353 1
6956 4
10787 0
8035 3
9930 6
434 0
4786 9
3752 3
2460 4
9998 0
6723 6
8941 0
3457 0
11158 3
4770 3
7203 4
1374 0
6563 6
2892 7
6133 3
11039 1
1924 3
6394 3
4325 3
2846 7
3727 3
494 3
3398 9
7685 6
10777 1
9158 0
6121 3
5553 2
6393 1
7649 8
10102 7
3916 3
786 1
1500 7
2878 7
2690 3
3648 3
493 3
3316 1
11136 3
2527 4
7827 3
2800 7
8063 3
577 1
10441 7
7947 3
6169 3
4892 3
2355 4
1340 1
390 1
9233 0
6163 1
9780 5
3698 3
10191 7
3432 0
5081 2
2424 4
3551 0
8221 3
126 2
5542 1
2543 4
10688 3
3722 3
7268 4
7336 4
5155 1
6271 4
10584 1
8965 0
1897 6
3751 3
4494 6
4213 3
548 4
3969 5
3906 3
1417 7
10494 7
10255 7
9992 0
6448 3
3187 2
842 1
10468 7
3166 1
10581 7
10023 7
4758 5
1482 7
1654 7
6308 3
3828 3
8282 3
7539 4
6968 4
4052 3
6791 3
5085 2
3089 5
11084 3
5529 1
163 2
10642 5
10218 7
2652 4
7219 4
1348 1
6573 6
521 3
2475 4
5399 3
9297 0
9346 0
8230 3
7583 8
7175 4
7991 3
10738 0
5401 0
7042 4
4646 3
667 3
5841 3
4347 3
1794 4
10333 7
6749 6
3000 1
4303 3
402 3
7050 4
589 5
6971 3
9833 5
689 4
8623 1
8150 3
9301 0
3552 0
11106 3
5957 3
7928 3
8201 3
3915 3
7536 4
11167 3
1402 7
3345 1
8893 1
10996 5
3650 3
2866 8
5131 1
10266 7
2861 7
2628 4
4377 3
10804 0
10634 7
10935 3
10940 5
9523 5
4731 3
3475 0
3204 1
9043 0
4572 3
742 0
33 2
2423 4
3400 0
2636 4
10715 0
2037 4
8233 3
10090 7
8873 3
4092 3
11230 9
1994 0
10806 0
9981 3
8506 4
10126 7
6119 5
6744 6
5861 5
10936 5
5687 2
4796 9
3666 3
387 3
898 1
8286 7
3175 0
7029 4
240 1
3766 3
6523 6
10900 3
1035 5
9364 0
10486 7
11110 3
8656 7
10794 0
5290 0
4674 3
2554 4
1554 7
7935 3
6708 6
7730 9
8745 1
7821 3
6800 6
6559 0
3697 3
8976 1
11196 3
15 1
803 3
5684 6
7308 4
9429 5
10549 7
3152 1
3184 0
1889 3
6381 5
6305 6
2655 4
6876 4
8305 3
7321 4
5939 3
4559 3
4284 3
6926 4
6326 3
10511 7
10627 7
352 7
516 2
7488 4
8613 0
1883 6
8395 3
8083 3
5891 1
9750 5
3469 0
5207 2
3925 3
6658 5
7363 4
959 7
10225 7
2238 4
5448 1
5461 0
8311 3
8844 0
1448 7
4339 3
7573 7
10571 7
6952 4
5971 3
2563 4
9204 0
4987 2
7621 8
4769 3
4611 3
8868 0
9607 7
2133 4
10645 4
1713 7
8931 0
9253 7
3699 3
2124 4
6041 3
8686 1
216 0
1546 7
6388 4
11152 3
7206 4
8902 0
4368 3
5567 2
6813 6
7665 0
6003 1
9839 5
5137 2
2572 4
2744 8
251 2
9375 1
2835 0
9899 1
3408 0
11051 1
6455 4
1576 7
5144 3
5370 6
10650 3
5709 0
6955 1
10284 5
7235 4
3100 5
297 6
3465 0
420 3
8138 1
8239 5
8179 0
9349 5
5968 3
10741 0
678 5
7236 4
3110 3
9704 5
3874 3
7901 3
1017 5
2391 4
8828 0
882 1
232 1
10760 0
3004 1
7167 4
435 3
566 3
7646 8
2952 3
6901 4
8110 1
3010 5
62 0
229 1
9306 0
6396 5
6069 3
4588 3
7850 3
10462 7
1690 7
6009 3
9068 0
2666 4
6423 6
7011 4
5548 3
1422 7
4287 3
6398 3
10101 7
9946 1
9901 1
5662 1
1331 1
2959 1
1568 7
11161 3
2721 2
1667 7
383 4
5556 6
10487 7
6473 6
8612 4
9598 5
7708 5
9090 0
1305 1
8309 4
8078 6
3068 5
4818 9
10990 5
4274 1
6159 1
1501 4
4046 3
5193 0
1722 3
1559 7
2902 1
65 0
356 1
6770 6
2511 1
4138 3
963 3
7136 4
5434 0
7547 4
3154 2
9945 7
2813 9
6485 6
9778 5
927 1
766 1
10961 5
10188 7
10981 3
2869 7
5220 6
8980 0
8436 3
7820 3
5830 3
4113 3
6446 1
10434 7
11145 3
84 2
2430 4
10633 7
4837 5
7643 0
8209 3
11117 3
3519 0
4196 3
8491 7
4637 3
372 3
3053 5
8815 0
7613 9
1621 7
2485 4
7841 3
11109 3
2226 3
9343 5
4873 6
218 1
7183 4
5112 2
9556 5
11142 3
5664 1
3580 0
2770 0
6374 3
8470 1
1985 3
7335 4
661 3
2349 4
10577 7
1391 1
2263 4
10147 7
7765 3
4077 3
6801 3
7975 3
9746 5
6601 6
10723 1
3199 1
783 5
4192 1
3044 5
9993 3
6692 6
10285 7
460 3
7690 0
3669 3
9045 0
5110 4
2350 4
2632 4
4607 5
8060 7
8830 0
1677 7
1763 7
11257 9
6507 6
2147 4
8802 0
405 3
3450 0
8460 0
10003 7
10116 7
5318 3
11014 9
5636 1
1604 7
70 2
1751 7
3113 5
2192 3
5298 2
849 1
10977 3
6115 6
2346 4
2863 7
7823 3
6880 4
5981 3
4753 3
8479 1
11003 5
4449 3
915 1
592 3
1536 7
8515 1
3062 5
10098 7
612 4
8337 3
9303 0
76 1
8883 0
4226 3
6585 6
9626 5
7075 4
5744 1
9474 5
4804 9
2281 4
9338 0
2737 8
9747 5
9269 0
7687 7
10707 1
9963 1
1762 7
4426 2
8094 1
8429 1
1977 6
263 1
3505 0
1921 6
5269 2
9597 5
6666 6
2755 8
4512 6
3888 3
4575 7
3521 0
3492 0
4613 3
8727 6
6858 4
1433 7
8000 0
7515 4
6984 4
4933 1
6628 6
1561 4
1560 7
5000 2
1465 7
4508 6
10045 7
10490 7
1849 1
6934 4
5108 6
3015 5
4517 6
9410 5
5617 5
9181 0
299 2
11150 3
330 3
2637 4
1073 5
8304 1
4388 3
8549 0
6116 3
3065 5
10752 0
353 1
1279 1
8462 1
1321 0
8879 0
8143 3
2697 4
4779 3
6557 6
5302 4
4027 6
10100 7
3531 0
234 1
74 6
6361 1
2313 4
5366 1
2829 7
9120 0
9413 5
1650 7
11107 3
3344 1
934 1
1478 1
1108 5
462 3
2492 4
3104 5
382 3
3455 1
10676 6
11043 1
6213 3
3740 3
7337 4
8371 0
7032 4
10593 7
9217 1
7675 0
9955 0
9918 1
6704 3
6360 3
8353 0
6236 3
2228 4
8923 0
8886 0
1320 5
5845 4
6107 3
6206 4
8952 0
8501 1
7527 4
9170 1
392 3
7885 3
8833 0
1627 7
7897 3
8502 1
3473 0
2837 7
10556 7
1157 1
9669 5
7465 4
10298 7
5468 3
10106 7
3653 3
11001 5
1517 7
4127 3
4313 3
8447 6
5455 6
3105 5
3486 0
840 1
2332 4
8598 1
8294 4
4367 3
5801 3
6913 4
1769 5
286 4
7058 4
4862 3
7067 4
8393 3
10705 0
8231 7
8559 1
8693 7
3955 3
5938 3
792 1
3087 5
1876 2
9936 7
3322 0
9880 1
9405 5
1413 7
6508 6
6220 3
1372 0
8086 3
4908 6
9768 5
11139 3
4160 7
472 3
1493 7
9401 5
7552 4
1942 6
9652 7
1752 0
1711 7
832 1
7962 3
9646 5
2836 7
1043 5
3407 0
8877 0
10578 7
4803 9
4616 3
4365 4
10426 7
5926 5
8831 0
2603 4
5166 2
7247 4
6780 6
5559 6
9285 0
9425 5
688 4
5441 2
1782 7
7161 4
172 1
2791 8
7691 5
9644 5
4639 3
2857 7
1913 6
8743 1
9691 5
8540 1
9825 5
8792 0
2174 4
1250 0
11261 9
7350 4
10379 7
2034 6
7500 5
10955 5
9230 3
5125 2
1668 7
5043 2
10135 7
5163 2
9416 5
580 3
6946 4
8202 3
7425 4
1275 3
8901 5
10472 7
6786 6
2348 4
9657 5
993 5
3155 1
5858 1
8946 0
8970 0
4256 3
5317 2
1118 0
1786 7
3209 1
10982 3
6536 6
1814 6
3451 0
11070 3
5950 3
9095 0
10790 0
9850 5
826 1
5882 3
8373 3
5686 1
10939 5
926 1
4038 3
10247 7
5194 2
4069 3
3186 1
3784 3
69 1
8620 1
9513 5
8323 1
10930 5
9003 0
9171 0
5940 6
10526 7
1397 7
1271 0
7158 4
7213 4
7996 3
3975 3
7505 1
2942 1
633 3
6338 4
8455 7
9661 5
11207 3
10610 7
5458 2
11100 6
11202 3
10032 7
5729 6
5292 2
962 1
6842 6
4074 4
1715 7
2994 1
5797 3
10858 4
9512 5
4057 3
1592 7
3685 3
6905 4
2859 7
2617 4
7081 4
8266 3
205 1
9554 5
1862 1
8196 3
332 3
872 1
2739 7
10714 0
8990 0
5579 7
10886 3
10614 7
4597 3
4708 3
11209 3
8646 1
8418 3
7262 4
1987 6
910 1
3643 4
10502 7
9951 3
9286 5
1414 7
4141 6
8128 1
3274 1
10831 1
4916 2
9168 0
3365 0
8904 0
3608 3
4169 6
1040 5
9671 5
1970 6
2395 4
5115 1
8936 0
2576 4
2283 4
5511 3
3391 0
7272 4
5415 6
9320 0
8379 3
8468 1
1058 5
9011 0
3857 3
2082 4
2255 4
8504 1
8392 3
1027 5
4135 3
3230 1
10775 0
377 5
11216 3
9822 7
4312 3
4156 3
5056 2
867 3
3371 0
10630 7
2622 4
2060 1
9900 1
8747 1
998 3
7545 4
4822 7
7340 4
2098 4
4197 3
4793 9
3954 3
2541 4
10739 0
23 2
3140 1
8049 3
7895 1
8405 3
1830 1
6633 6
1495 7
5904 3
5427 6
2271 4
9565 5
6402 1
10253 7
5064 6
1809 7
185 1
3468 0
854 1
3148 2
5350 3
1582 7
2514 4
7059 4
3556 0
10174 7
2120 4
4815 9
4202 6
3602 3
51 2
6596 3
3195 2
9451 9
7831 3
7971 3
1955 6
4875 3
10916 9
4795 9
7669 8
8850 0
7234 4
4657 4
487 3
9374 0
9094 0
2542 4
5509 6
529 5
7911 5
11266 9
7257 4
7214 4
5358 2
1234 1
1957 3
547 3
9300 0
10027 7
83 2
6972 4
4798 5
9668 5
310 2
4599 3
7869 3
8675 0
8249 3
6950 4
176 1
6959 4
5446 4
7766 3
10004 7
7111 4
9501 5
4282 3
132 2
7114 4
9996 0
3566 0
1023 5
522 3
8534 1
2359 4
1652 7
10452 7
7756 3
5907 3
2216 4
9292 0
8283 3
660 1
10356 7
753 4
10377 7
8119 3
10504 7
6890 4
9841 3
6947 4
3008 0
4948 2
6301 3
7919 6
10644 7
10484 0
7892 3
2168 4
2867 7
4115 6
5688 3
2432 3
1807 7
5396 1
9795 5
5972 3
7844 1
4878 1
6162 3
3185 1
416 3
2590 4
343 3
935 0
5639 2
2597 4
8069 0
156 2
1277 3
7738 3
4106 3
3239 1
8674 7
3056 5
735 1
8441 5
7439 4
6264 3
7159 4
6280 3
1792 7
9367 0
8203 3
587 3
7663 9
1233 1
5377 0
3130 5
4275 3
8842 0
193 3
502 3
8014 3
3989 3
6689 3
9330 1
7976 3
2000 6
4212 3
11005 5
4747 4
8191 5
7945 3
6748 6
7710 7
8087 3
3959 3
6920 4
5851 1
7834 3
4185 3
10957 5
4531 3
8246 6
7189 4
8208 3
8295 0
5200 6
9985 1
6960 4
8676 1
24 4
1947 3
2802 7
5090 3
2996 3
1312 1
3509 0
10518 7
7481 4
6175 3
1223 0
10724 0
8434 3
4224 1
313 2
11120 3
6870 4
4587 3
3772 7
2951 1
4396 7
1091 5
9647 5
10299 7
10784 1
223 2
10983 3
3901 3
5667 6
7664 0
7956 6
7953 3
1124 2
4111 3
10818 1
4147 3
3073 5
1060 5
1896 6
8943 0
5572 0
6810 3
4843 5
8749 1
4937 2
9070 5
2763 8
7140 4
706 4
5875 3
10629 4
6927 4
6549 6
6924 4
30 2
6182 3
1597 3
10244 7
5628 5
9397 0
8939 0
7157 4
1922 6
6614 6
1915 6
4774 3
10870 4
9486 5
430 3
4838 5
8216 1
5349 3
6399 6
7580 8
5485 1
1332 1
4201 3
2154 4
10195 7
7871 3
174 2
9420 5
2844 7
8974 0
5308 6
5492 4
1240 3
7233 4
4567 4
3762 3
7731 7
5512 5
1908 3
1678 7
333 3
6644 3
2336 4
5517 0
7457 4
1480 7
9545 5
2854 7
2599 4
4019 3
3196 3
9080 0
3319 3
10725 0
1293 7
2360 4
5267 7
235 1
8651 0
8254 3
2221 4
3079 5
10148 7
5568 6
6471 6
9542 5
9396 0
683 4
7587 7
702 1
7298 3
1419 7
1945 0
4085 3
5483 5
10129 7
117 2
7556 4
5997 5
3918 5
1663 7
1651 7
2050 6
2297 4
1151 5
7565 3
2225 3
2047 6
10598 7
3518 0
5301 2
4609 3
4926 2
7610 8
3631 3
5143 2
7965 3
1329 1
5257 2
5049 2
7251 4
7226 4
2287 4
3670 2
6110 3
3793 3
10824 1
436 3
278 1
6378 3
648 4
10758 0
7498 4
6653 6
10291 7
5169 2
7407 4
9225 5
813 1
3696 3
358 3
455 3
9475 5
5265 2
4960 2
7332 4
8621 1
1173 1
11027 3
3320 1
9478 5
3242 1
3228 1
9674 0
190 2
10925 7
8450 1
8766 0
3899 3
1254 1
1519 7
1446 7
3652 1
8827 0
4652 3
4071 1
8103 3
7404 4
5129 1
4976 4
805 0
6494 6
4710 3
10516 5
10734 0
9252 0
1780 4
3725 3
9688 5
5368 6
8731 1
3917 3
139 6
9805 5
4782 9
1624 5
6980 4
8604 1
3308 1
881 1
9347 0
7913 0
7495 4
2151 4
9147 0
4299 3
2272 4
4868 5
8467 1
9913 0
5020 0
211 2
4450 1
5145 3
5714 6
7143 4
5799 1
3452 7
816 0
9856 5
4946 2
3815 3
2029 1
2291 4
5174 1
10535 7
6534 6
4687 4
3176 1
3617 3
5995 1
4800 9
4602 6
9734 5
10077 7
9503 5
57 1
1545 7
1959 3
2623 4
143 1
5581 1
1951 2
9020 5
5189 6
6063 3
17 2
1476 7
2240 4
3785 3
11198 3
2028 3
4084 3
2496 4
6826 5
10666 6
1714 7
8824 0
396 3
4736 3
11246 9
1285 1
2698 4
11173 3
5525 1
10467 7
9260 0
10125 7
6232 3
1871 0
7697 9
1038 5
8145 1
8131 3
4689 3
554 3
2851 7
4852 5
9476 5
10347 7
9588 3
9369 0
6286 3
202 2
874 3
7301 4
718 2
6214 3
5876 3
9662 5
5772 3
4744 3
10888 3
5186 3
4215 3
5319 1
4947 2
11180 3
8878 0
8330 9
507 3
10235 7
2100 4
9261 0
10278 7
292 2
9521 5
7053 4
10078 7
4354 5
544 3
6408 3
8635 0
4805 9
6931 4
6331 3
4883 2
5813 3
922 1
9099 0
8600 1
94 1
10346 7
2578 4
1892 6
2883 7
7555 3
2464 4
10915 9
2978 1
423 3
5170 2
2260 4
9624 5
4050 3
4140 3
9074 0
169 2
10324 7
8349 5
3094 5
6463 6
7618 8
2173 4
4024 3
1004 5
6795 6
6013 3
4424 6
11229 9
9546 5
2247 4
5024 2
5001 2
1235 3
2573 4
2615 4
7873 3
2551 4
10992 5
9506 5
8011 3
5315 6
5732 6
2146 4
4004 3
4173 1
1732 2
10938 5
10040 7
8307 6
796 1
6668 3
2344 4
2115 4
10525 7
2032 6
657 5
4936 1
1411 7
10273 7
6210 4
9141 7
4982 2
2159 4
8067 1
3825 3
9013 0
950 1
1929 6
6226 3
8166 6
6610 3
4658 7
6731 3
8448 1
1623 7
6454 6
10268 7
9086 7
439 3
6626 6
6197 3
4514 2
9229 0
4462 6
10661 6
3406 0
7719 8
6893 3
7803 3
1525 1
6937 4
2384 4
908 1
5742 1
9826 9
6453 6
3189 3
355 1
5227 3
10403 7
2877 7
21 7
7846 3
3802 3
4112 0
5834 3
8929 0
1394 7
939 1
3821 3
1130 7
2790 0
8030 1
4233 3
5459 1
1244 1
6312 9
5992 3
7102 3
8292 0
9974 1
1693 7
7057 4
4061 3
11007 5
6695 6
4520 1
7974 5
2465 4
10551 7
3405 0
1447 7
8027 1
9683 5
10156 7
8344 1
2316 3
8823 0
4472 6
9917 1
3655 3
5610 0
6480 6
8321 3
11132 3
10232 7
209 2
7983 3
5414 1
10367 7
4108 7
7187 4
4272 4
8858 0
1120 0
8180 3
5293 2
9803 5
6244 3
4816 9
632 3
6624 3
7037 4
7292 4
5523 4
7182 4
6250 4
9150 1
5934 3
350 5
9836 7
10246 7
7351 4
6127 3
850 7
4257 3
3256 1
5702 1
6103 4
5330 2
1567 7
7419 4
3177 2
6909 4
305 2
2008 3
1105 5
4466 3
1052 5
6429 0
5719 5
851 5
10475 1
2418 4
3563 1
2341 4
5566 6
6173 1
8724 1
4171 3
9676 5
7822 3
7456 1
4653 3
5920 3
5190 4
9378 0
5870 4
5846 4
9606 5
6840 1
9665 7
1430 7
8806 0
10619 7
6911 6
1363 0
1793 7
3071 5
404 3
6598 6
7417 7
5836 3
6104 3
2935 0
6497 6
11141 3
2957 3
5955 3
10728 0
9156 0
3736 3
8182 3
11077 3
5182 3
704 3
5276 6
2304 4
412 3
5271 0
3500 0
4264 0
8570 1
3237 1
7650 8
3860 3
3208 2
6938 4
4906 2
11179 3
2117 4
3718 3
9104 0
853 1
7180 4
8672 7
5513 0
3775 3
4042 3
8909 0
2119 4
2943 1
196 2
1195 3
7416 4
5411 0
10421 7
5421 3
1083 5
4482 6
7071 4
7603 0
6202 3
2495 4
1858 6
6846 3
5705 5
8596 0
4633 3
7721 7
4618 3
8255 0
6297 3
5598 1
262 1
3431 0
546 3
4096 1
1289 1
5600 2
7714 1
8409 5
2181 4
2070 6
7734 7
4511 6
2558 4
9198 0
9980 0
8452 0
3333 1
6747 3
4025 1
644 3
42 2
3305 1
3744 3
10843 0
8242 3
7978 3
4966 2
1379 0
2138 4
11126 3
5151 1
5502 5
71 1
7414 4
1053 5
1002 5
4476 6
10020 7
6185 0
5908 3
10910 3
1428 7
3628 3
10651 7
8425 1
120 1
10692 6
5105 2
7170 4
7181 4
9673 5
4676 3
8489 1
1450 7
9703 5
9488 9
415 3
1742 7
3570 1
3436 0
2568 4
5248 6
10594 0
9707 5
7210 4
4206 3
6495 6
7070 4
4902 2
4667 3
6010 1
10089 7
7092 4
7529 4
8561 5
5150 3
7269 3
7645 7
1537 1
4208 3
4000 3
10505 7
4709 3
7449 4
7433 4
1753 4
5766 3
2443 4
7860 3
591 3
3482 0
1189 1
2056 6
4679 3
9457 5
4390 3
11060 1
10263 7
1318 4
890 7
9196 0
7496 4
7359 4
8028 3
2779 7
6289 3
6528 6
8704 1
1335 0
8347 3
10179 6
7030 3
6504 6
9280 0
6493 6
4632 5
243 3
11049 1
3206 2
1538 7
3908 3
4944 2
3726 3
6705 6
8888 1
1613 7
991 5
5507 0
11244 9
9005 0
4240 3
5594 0
4345 3
9859 5
5827 3
3335 0
2066 6
133 2
9561 5
9317 0
9844 5
10058 7
2310 4
10481 7
8291 3
4921 2
2243 4
5109 6
3385 1
6097 3
5842 3
10796 0
2202 4
7300 4
1256 1
799 1
9909 1
4315 3
8317 0
1761 7
5609 0
10919 9
3560 0
5877 3
3950 1
2071 6
10294 7
8316 5
9224 0
5264 2
7366 4
4593 7
10883 4
4403 6
3304 1
9872 1
10711 5
2552 4
4990 3
9038 0
9205 0
1642 7
6130 3
3546 1
5158 3
5305 6
195 1
7478 4
10891 4
5111 2
6996 4
3426 0
7026 4
665 6
2237 4
1760 7
2231 4
6171 3
2771 0
6064 1
10239 7
6344 1
8212 3
3646 3
2137 4
5225 1
9394 0
1308 1
2405 4
8829 0
8948 0
8333 0
2773 7
8945 0
4413 2
8004 3
8527 1
2376 4
501 1
2921 3
3422 0
7460 4
7086 4
9939 4
7253 4
1873 6
3122 5
1314 7
5604 3
7985 3
10160 7
8741 1
1100 5
4671 3
8642 1
731 1
3616 3
3957 3
5573 1
10180 7
6325 3
6195 1
10611 7
7372 4
5803 4
3621 3
1694 7
2280 4
4120 3
6688 6
8899 0
848 4
1689 7
2172 4
1207 3
7375 3
3674 3
7722 1
8821 0
4776 4
6053 3
10432 7
1878 6
8054 5
25 4
7039 4
3910 3
8869 0
818 1
5378 6
734 1
1155 1
6390 6
1463 7
2357 4
6951 4
411 3
7793 3
8021 9
976 5
2560 4
9177 7
7377 1
8884 5
9941 1
5425 3
10972 3
10099 7
6854 4
8508 1
7035 0
10962 5
6135 3
8082 0
9257 0
11024 5
10685 3
9388 0
2207 4
5978 5
5608 4
2789 7
8422 3
9132 0
6000 6
7138 4
10865 4
5160 3
3031 5
837 0
7550 4
6856 4
10307 7
1047 5
4474 6
9037 0
6050 4
11166 3
6819 6
9072 0
8235 3
7959 1
1724 5
7223 4
3070 3
10958 3
7344 4
2724 4
2598 4
2227 4
158 1
1167 1
9473 5
7705 7
1070 5
3301 1
4690 3
2487 4
8530 1
9333 0
6584 6
11193 3
3156 6
7427 4
5903 3
5928 3
10640 0
2997 3
10258 7
3349 1
574 3
3517 0
2484 4
11212 3
2933 3
5780 3
8557 1
11034 3
9835 7
5985 1
5584 0
5844 1
11185 3
7806 3
477 3
6806 6
4625 3
5753 3
1437 7
6751 6
9761 5
9534 5
5856 3
3723 0
8605 0
4114 3
7365 4
7347 4
11148 3
4441 3
2595 4
4986 2
1555 7
3096 5
4363 3
483 3
9970 0
1319 4
5794 3
7900 3
5372 2
7428 4
2189 4
5258 3
440 3
10902 4
8484 1
5380 2
2725 4
8602 1
6877 7
16 2
3259 0
307 1
10576 3
4189 1
9823 5
9988 7
6961 4
4994 1
2855 7
5552 1
2929 1
6976 4
10898 4
8991 0
4762 3
707 3
8164 3
9693 5
956 1
6759 6
5692 1
1989 6
2530 4
9873 1
9858 7
2634 4
1748 7
1351 1
8268 5
3835 3
3129 5
3471 1
3388 0
5322 1
3253 3
1404 7
8719 3
1946 6
3823 3
4012 2
616 3
10889 4
8074 3
10061 7
10722 0
2076 1
5722 1
2131 4
3438 0
4049 3
5726 3
10233 7
6977 4
5695 1
7746 3
9526 5
8819 0
2382 4
9114 0
8107 3
4193 3
5089 1
8685 1
2199 4
9311 0
5234 4
10963 3
995 5
6552 6
2005 1
9447 5
7054 4
9730 5
4518 6
7197 4
5793 1
10696 0
2206 4
9339 0
6793 3
2021 6
11130 3
4099 1
9275 0
8205 1
10073 7
8814 0
11221 9
4898 2
2908 3
2858 7
8355 3
6631 6
5911 4
8579 1
5051 4
10351 7
9681 5
2654 4
6285 3
10362 7
9625 5
9815 5
10980 3
8102 3
1301 1
9263 4
2167 4
6812 6
642 5
306 2
8485 0
2308 4
10766 1
7113 4
8927 0
3890 3
9096 0
8214 1
9383 0
6579 3
10805 0
11069 3
4707 3
6478 6
6698 6
5522 6
6317 3
10835 1
4364 6
839 1
5886 3
7074 4
9289 0
9430 5
5002 1
4659 3
7024 4
6591 6
6903 4
4627 4
285 4
8408 7
6593 6
4447 6
2528 4
7818 3
846 1
11160 3
6148 3
596 3
368 3
3887 3
6667 6
9758 5
3447 1
10759 1
2661 3
1638 7
2353 4
9777 7
5364 1
10086 7
8509 1
7949 1
4721 3
2716 4
3106 5
10545 7
3336 1
2806 7
3014 5
429 3
1594 7
5484 1
608 3
10512 7
2775 7
3288 1
7013 4
2483 4
9568 5
8402 3
4297 8
6992 4
8581 7
9313 0
9417 5
6030 3
9648 5
9548 5
9837 7
3534 0
11057 0
4999 2
386 2
6717 6
7034 4
2536 4
8533 1
10334 7
10656 6
5949 1
2017 6
10976 3
7707 8
2757 8
4128 1
9034 7
4759 3
9075 0
8754 0
10565 7
2345 4
3539 0
114 2
970 5
4459 6
1000 3
10778 0
5689 1
6511 6
10795 0
8018 1
2753 8
9769 5
7903 6
7082 4
1841 1
9154 0
9197 1
1202 1
1135 7
9887 0
8382 9
9932 1
4630 3
9857 5
6620 6
7385 3
7576 8
364 3
8583 0
3165 1
1745 3
4636 1
9522 5
1416 7
10989 5
6514 6
1376 0
10558 7
994 5
2035 6
2213 4
3135 5
484 4
1461 7
9360 0
11075 3
8120 3
695 3
1949 6
2266 4
1802 7
3139 0
7420 3
7148 4
10933 5
10817 0
11135 3
10928 9
6917 4
5503 2
10669 6
9395 0
5413 2
4361 3
3986 3
4148 6
5647 0
10905 3
8020 3
7554 4
627 3
5988 3
1564 5
1247 1
2961 1
474 5
3 4
10350 7
2203 4
8029 3
10852 4
6997 4
2964 1
1528 7
4654 3
9161 0
3041 5
2967 1
3870 3
3778 3
1180 6
8122 3
7742 3
3820 1
607 3
9706 9
2736 8
10257 7
8444 0
360 2
10267 7
7597 8
3001 1
3501 0
3377 0
5175 3
1557 7
10084 7
10309 7
4288 3
7455 4
1641 7
9982 3
1757 7
8224 0
4988 2
8864 0
4263 3
1522 7
3291 1
1836 6
8996 7
2363 4
2036 6
5937 4
7963 3
7120 4
1666 7
10059 7
9421 5
8601 1
10732 0
7401 4
165 2
5646 1
2286 4
3861 3
9021 5
8757 1
5277 2
2218 4
2621 4
8576 1
9174 0
9445 5
10617 7
7396 4
7973 3
9670 5
6170 6
4107 3
5731 0
10113 7
9220 0
3553 0
3996 0
7678 9
7671 7
7133 4
10272 7
7254 4
2660 4
8410 3
9223 0
283 1
3277 3
2390 4
438 3
3937 3
9829 5
2893 7
5161 2
11210 3
9442 5
7095 4
10205 7
10501 7
173 7
10799 0
961 0
10721 0
5847 3
10087 7
7701 0
10956 5
10546 4
11163 3
203 2
952 1
3733 3
10771 0
8241 5
6261 3
1848 6
1670 7
9219 0
8152 3
8354 3
10540 7
8368 1
10509 7
7382 4
11260 9
6203 3
9584 5
8774 0
9207 0
5496 3
7843 3
9751 5
4598 4
7204 4
4137 3
3323 1
4757 3
5823 3
3813 3
11195 3
5119 0
5328 2
1409 7
9605 5
6859 3
2521 1
4745 3
2450 4
583 3
674 3
9265 0
7371 4
1323 1
10528 7
4870 5
9896 0
1765 7
8198 3
5406 0
11188 3
1815 6
7777 3
4433 6
2624 4
5661 3
6648 1
5205 0
157 1
972 5
1608 7
6452 1
5462 2
10343 7
3039 5
2298 4
1618 7
6838 6
2614 4
11062 0
8619 1
2577 4
7089 4
8836 0
9241 0
996 5
3596 0
534 3
5629 1
11253 9
3326 3
8248 6
4023 3
5824 3
9723 5
4638 3
4009 0
1645 7
7244 4
5954 3
6284 5
2749 8
3983 3
8921 0
8955 0
10783 0
3529 0
3804 3
4268 3
4306 3
5641 1
4695 4
4763 3
10293 7
7128 4
3459 3
3630 3
3487 0
7487 4
2762 8
4917 2
2742 8
4373 3
2586 4
3709 9
10170 7
3924 3
8577 3
270 7
1948 3
7703 7
3801 3
3444 1
8531 1
9107 0
8301 9
9871 5
656 5
7862 3
4117 3
10964 5
5749 1
5551 1
9276 0
10522 7
2965 1
8866 5
4549 3
7711 7
989 5
4239 3
2717 4
1502 0
6061 5
8617 1
2786 8
5439 3
4170 3
4116 4
5091 2
8084 3
2535 4
1451 7
9085 0
275 1
1304 1
2410 4
2559 4
10076 7
8789 7
5935 3
9312 0
7595 8
8031 3
4909 1
10458 7
6492 6
4943 2
10230 4
2793 7
4740 3
11225 9
2394 4
6969 4
11147 3
4845 0
1750 7
10943 5
1037 5
6773 3
5326 2
10478 7
6763 6
8350 3
4561 3
4551 3
10599 7
8728 4
6444 3
10275 7
2640 4
819 1
10647 7
745 1
8755 7
4269 4
10829 0
4020 3
1412 7
444 1
3812 3
329 1
2865 7
8587 1
5716 0
1012 5
4422 6
2022 2
3942 3
5475 6
8015 3
10416 7
10792 1
3739 3
7444 4
5486 2
73 4
10028 7
1731 7
4195 3
2025 3
4555 3
3603 3
8761 1
8259 3
10326 7
4554 4
7773 3
7097 4
2853 9
6897 4
6583 6
6792 6
5472 2
11072 3
2537 4
7619 8
1039 3
5539 7
6450 3
5259 2
3271 1
9214 1
7461 4
9717 5
5560 1
2454 4
10483 7
10033 7
10372 7
7667 7
5605 1
1197 1
4267 3
10911 3
3351 1
6459 6
8544 1
1101 5
1354 1
5336 2
9296 0
3868 3
7758 3
4043 3
2504 4
7000 4
309 1
3683 4
3615 3
6252 1
6954 4
6554 6
8671 1
5017 2
1199 1
9334 0
6575 6
5635 1
9485 5
3211 1
9293 0
1033 5
11015 9
2985 1
6462 6
10892 4
7073 4
10446 7
855 8
1589 7
9599 5
10227 9
9422 5
8280 5
4922 2
6941 4
301 2
831 1
3715 3
5430 1
5564 1
4167 3
914 1
2059 6
127 2
10183 7
2149 4
5683 3
231 2
10566 7
2692 4
5637 7
1817 3
2740 8
3300 3
7162 4
8840 0
6240 3
5344 0
9656 5
7258 4
9468 5
8156 3
6228 3
8763 0
4475 6
5879 3
8377 3
6891 4
8227 3
3745 4
8320 3
8940 0
3287 1
4183 3
9902 1
4387 3
29 4
6555 6
10550 7
9708 5
1776 7
10009 7
8413 0
9377 0
3028 5
10632 7
6844 3
2982 1
719 3
10800 0
1081 5
4258 3
3164 4
1647 7
2422 3
790 1
9686 5
4175 3
10336 7
9169 0
7474 0
1324 5
9372 0
3190 1
2481 3
4262 3
3354 2
6878 4
1474 7
6912 4
6266 1
10774 1
11233 9
8289 3
2179 4
7601 7
5624 1
4958 1
4352 3
533 3
1717 3
10011 7
8575 0
5478 1
8050 3
1186 1
4735 3
11113 3
9582 5
5781 1
3657 3
5557 0
893 4
237 6
4742 4
7036 1
9696 5
2105 4
3523 0
6224 3
5518 4
4820 3
6018 3
2469 4
1149 1
3855 3
10226 7
9271 1
9801 5
6096 1
1587 7
5469 2
3639 1
1457 7
3367 0
8585 1
4790 9
3312 1
10443 7
492 4
4036 3
2 4
5690 6
5059 1
2616 4
9806 5
8663 0
3862 2
8116 0
7096 4
8165 6
207 1
8979 0
8591 1
4968 1
1282 0
10863 4
5280 2
3717 3
1232 4
413 3
3091 5
8290 0
9620 5
8115 5
7229 3
5025 1
2618 4
2758 7
1734 7
7917 3
2054 6
6694 6
4210 3
7386 3
4683 5
6072 7
3048 5
9756 1
1205 5
4378 3
4891 2
4381 6
9701 5
7051 4
7805 3
9461 5
5821 3
281 4
9484 5
3064 5
1384 4
3440 0
1855 6
5463 1
8058 3
897 4
45 2
9585 5
7184 4
9460 5
8299 3
47 2
5694 3
2633 4
6089 3
3833 3
11258 9
2781 8
8476 3
4088 3
5519 1
6999 4
6529 6
4211 3
10859 4
7511 4
1749 7
5767 3
3430 0
7753 3
3310 2
7961 3
1636 7
9148 0
1788 7
9966 1
7634 0
7548 1
166 2
679 3
8274 3
9741 5
9113 0
170 1
6665 6
3679 3
9033 0
4093 3
277 2
3729 3
6349 3
8639 5
11048 3
2295 4
9309 0
3402 0
2087 4
3194 0
7464 4
8113 3
8913 0
4809 9
5055 1
6619 3
8136 3
4957 1
7165 4
8776 0
7227 7
2506 4
7937 3
7516 4
10770 0
4756 4
4001 3
8928 1
290 2
6155 3
2267 4
1194 1
5249 0
4237 4
2009 1
5718 1
3158 2
9190 0
10207 7
3878 3
9924 1
4651 5
7245 4
59 2
3852 3
6449 3
1029 5
44 2
5367 6
4392 3
3763 3
1586 7
2584 7
3851 3
6178 1
2498 8
8834 0
8799 0
8710 1
8793 0
10867 3
1050 5
8124 3
2387 4
10730 0
6401 1
5192 2
10480 7
8760 0
7662 7
9684 5
3227 1
3794 3
7119 4
643 3
3098 5
5996 3
2678 4
6095 3
2244 4
9449 5
5035 2
9916 7
3611 3
6079 3
5848 3
997 5
7637 8
6059 4
1872 2
8637 7
5703 4
4431 6
6932 4
7139 4
4337 3
6314 3
6652 3
7014 3
3958 3
1087 5
1283 0
8431 3
6488 6
5569 1
810 1
4612 3
7915 3
3587 1
8153 1
3369 0
4760 5
7787 3
4546 3
11183 3
4016 3
9677 5
5476 6
9847 5
212 6
9384 0
5691 6
7293 4
5528 1
8721 0
7510 4
5784 3
10851 4
11111 3
557 3
10842 0
6440 3
4872 2
9497 5
641 1
10820 0
698 3
8794 0
9012 0
2084 3
3427 0
5812 3
3930 3
1408 7
1574 7
5741 1
3285 1
1784 1
1032 5
7706 8
10861 4
1067 5
2547 4
3221 1
8006 3
4915 2
6019 4
9935 7
9149 0
3504 0
8510 0
6733 6
10204 4
7879 3
8922 0
10532 7
5680 3
8211 3
3074 5
808 1
4451 3
8753 1
11269 1
6021 3
5027 2
109 1
7424 4
4673 4
2966 1
6167 3
7683 8
6319 5
4765 4
760 1
10662 6
10477 7
11099 6
3995 3
4648 6
208 2
4304 3
5236 2
1473 7
4821 3
8657 1
3637 3
11227 9
1696 7
1575 7
7680 5
7557 1
4977 3
9928 1
10120 7
2299 4
6039 4
7216 4
4286 3
697 3
2631 4
2452 4
1179 3
7875 3
2816 7
179 7
8554 1
5986 3
2366 4
10548 7
2048 6
10757 0
3658 3
3830 3
9842 7
11066 3
1581 7
7724 8
409 0
798 1
9348 0
8162 4
7277 3
11162 3
8860 0
3003 1
93 1
8199 3
1183 2
2720 3
1700 7
9759 5
9157 0
938 1
8262 6
4444 2
6008 3
1128 3
3180 1
4863 3
3188 3
9948 0
10320 7
6027 1
8478 0
6120 3
9466 5
3619 3
10580 7
8423 6
769 1
5748 1
6567 6
7002 4
5393 2
3510 0
10308 7
6 3
3914 6
2289 4
9332 1
9498 5
680 4
9283 7
1643 7
10353 7
6352 3
8654 1
2904 5
2176 3
2038 3
454 3
8738 6
8010 5
1823 6
2879 7
5675 3
7273 4
7007 4
7779 3
2823 7
8742 1
6113 3
3036 5
3289 1
6706 6
6768 3
11071 3
6186 1
3961 3
7364 4
10970 3
2217 4
6011 3
7523 0
3147 2
10212 7
3791 0
9947 1
5752 3
1103 5
4970 2
5497 3
6637 3
3506 0
2916 1
5788 3
1684 7
10008 7
8442 3
1325 3
3141 1
4699 3
9504 5
3676 3
6798 6
6426 3
4488 3
8365 0
9610 5
8097 3
9892 1
3662 4
2685 4
4221 3
4400 3
3428 0
7499 4
5585 1
5053 1
5634 1
5443 3
4415 3
1509 7
8791 0
9185 0
2669 7
1182 1
3498 0
10882 3
2195 4
7739 3
8666 7
10361 7
6722 6
1491 7
4200 6
10853 4
4497 6
6484 3
3731 3
5730 5
4754 4
4928 2
10110 7
7514 4
5394 2
2261 4
5769 5
3029 5
670 4
1148 1
3082 5
9619 5
2741 8
9092 0
7160 4
10984 1
5048 1
2110 4
10280 7
4332 3
4017 3
8572 1
8126 3
1974 6
9126 0
5101 2
7406 4
1541 7
1300 1
7564 4
5019 6
4139 4
2894 7
974 5
10173 7
9227 1
3844 3
9685 5
5011 3
5196 0
9675 5
8625 1
10756 0
1901 3
2033 1
10697 0
8626 3
8315 1
8158 3
9593 5
9489 5
244 2
1611 7
4907 2
5508 6
1937 0
10482 7
5915 3
6067 5
8953 0
512 3
6669 6
10975 5
2482 4
10373 7
8906 0
3575 0
7076 4
3538 1
3627 3
7006 4
2825 7
4041 3
7199 4
1281 1
1634 7
3337 1
7126 4
9922 1
4720 1
1007 5
8816 0
10371 7
10797 0
3047 5
4133 4
6168 3
52 2
19 1
80 1
4002 1
1068 5
10016 7
5347 0
5603 1
1147 1
8367 1
5444 2
3609 3
273 2
3368 7
8223 3
9322 0
1200 1
8569 1
4831 3
2768 7
2374 4
6730 6
6820 1
9281 7
9210 0
10251 7
4317 3
260 1
2232 4
3572 0
2911 3
6829 6
7546 1
1010 5
9771 5
4829 5
1423 3
9432 5
3236 1
2540 4
2619 4
111 1
10394 7
8673 0
2099 4
3162 2
2242 4
2294 4
6415 5
4070 6
7528 0
5975 3
2887 7
6845 3
9404 5
11263 9
6900 4
3179 0
9294 0
7522 4
4989 2
6160 3
10726 0
6476 6
7302 4
1385 1
3803 3
6253 4
6124 3
527 1
8298 3
2489 4
1676 7
7589 8
4311 3
4180 2
10924 9
6556 6
3133 5
8584 5
9990 1
5616 2
4697 3
8472 1
10466 7
6047 5
4834 1
10746 1
7105 4
821 1
8173 3
4911 2
6729 6
5351 2
328 2
9409 5
2819 7
11204 3
8986 0
5880 3
3355 1
3848 3
5407 0
6772 6
1420 7
475 3
3962 2
6153 3
3375 7
2778 8
5887 5
9088 0
1406 7
7788 3
8482 1
10471 7
3948 3
5474 1
9144 0
2507 4
5216 7
1824 6
11271 6
10788 0
835 1
3659 3
1098 5
10142 7
653 3
5136 2
7727 5
4534 3
5855 3
10459 7
204 1
10834 0
10841 0
10223 7
4980 2
2673 4
2899 3
4235 4
11037 1
1806 4
9025 0
1505 7
9923 1
3018 5
7078 6
520 3
10531 0
5065 2
2061 6
2051 6
5693 3
9419 5
2711 4
2118 4
10339 7
7177 4
1141 1
1471 7
3755 3
7287 4
10519 0
9337 0
955 6
981 5
7099 4
2792 9
1378 1
9022 0
2300 4
1963 4
2442 4
9199 0
2406 4
2490 4
10668 6
8969 0
168 2
9740 7
4182 3
6355 1
9883 7
8595 1
5142 2
3759 3
50 2
4586 3
9754 5
1971 6
5791 4
3822 3
2003 6
9583 5
10103 7
7620 7
3705 3
8200 4
3033 5
8438 3
4492 6
2079 4
1602 7
9622 5
10252 7
7720 0
27 4
10312 7
2610 4
3842 3
8019 3
9131 0
8407 3
3732 3
5416 6
6627 6
289 2
10567 7
7421 4
206 2
8503 0
9305 0
3461 0
7733 7
10967 5
10592 7
7625 7
2416 4
10444 7
10260 7
9634 5
8694 1
4056 3
9370 0
4425 1
5982 3
11256 9
5179 2
10641 1
7930 3
8982 0
2797 7
2898 1
6726 0
2437 4
6896 4
5837 5
723 3
4161 3
2627 4
7783 1
4432 6
10822 0
4162 3
10390 7
9846 5
10860 4
6544 6
9279 0
10153 7
6190 1
1371 0
1165 6
7829 3
5460 0
500 4
7611 8
7833 3
4606 3
4144 3
2803 7
1273 0
10569 7
4955 1
582 3
10269 7
7798 3
3597 0
5162 2
2276 4
10363 7
3613 1
8588 1
451 1
685 3
7775 3
266 2
2461 4
1723 9
1851 6
3951 3
8717 1
1470 7
1072 5
7608 0
5905 3
10815 1
8841 0
3268 1
2278 4
1326 6
4515 6
10039 7
2268 6
10557 7
8059 3
518 3
3847 7
3479 0
8076 3
6693 3
4395 3
3747 7
5069 2
2730 7
3507 0
4484 6
2589 0
710 3
7812 3
10586 7
7648 8
5068 6
4222 3
7854 3
8856 0
10907 4
4465 3
8012 3
4481 6
5084 2
3193 7
11169 3
3584 0
763 1
9997 0
4146 4
9450 5
2513 4
5925 3
8041 4
4471 6
6397 3
8381 1
2975 1
1907 6
8428 1
2445 4
761 1
448 3
8332 4
11058 9
884 1
10631 7
8184 3
10560 7
7422 4
834 1
833 4
7255 4
10664 6
2839 7
1373 1
9273 0
5706 6
6892 4
9744 5
8101 9
9471 5
11191 3
11105 6
3598 7
3576 0
9971 5
2262 4
4696 3
3429 0
1156 1
18 2
7493 4
5546 7
5168 2
2733 8
441 3
4558 3
3257 1
8139 3
1813 7
9000 0
10060 7
90 1
8603 1
10857 4
10401 7
2710 4
7936 3
9315 1
2580 4
2571 4
7660 8
1952 6
6936 4
7506 3
34 2
1427 7
3255 1
812 1
2832 7
690 4
6191 5
617 3
7260 4
3710 9
11174 3
3439 0
749 1
7906 3
6457 6
789 3
3589 1
10520 7
3557 0
119 1
8682 5
10973 3
5612 6
2013 6
3892 1
1884 6
468 3
9212 0
4411 6
1445 7
9736 5
5843 3
664 3
4537 4
5013 2
10072 7
5106 2
2315 3
5384 1
4335 3
7607 9
9179 0
9862 0
5756 3
7008 4
7699 8
2891 7
6073 3
10710 0
9627 5
4967 2
5209 1
3547 0
9137 0
5422 2
10071 7
5420 1
10920 7
11265 9
3171 1
10201 7
7990 1
8175 6
1639 7
9024 0
233 1
10461 7
2403 4
1981 6
4681 3
1096 6
5061 2
8142 3
9165 5
4560 1
7435 4
700 2
7306 4
8874 0
5202 7
6014 3
3644 4
325 1
5577 2
4502 6
10538 7
9959 0
6142 1
7951 3
1927 6
2766 8
7764 3
7284 3
4142 6
5833 3
4081 4
5397 1
7992 3
4686 3
2845 0
6799 3
5074 2
5740 6
6181 3
8916 0
2642 4
3678 3
4280 6
3675 3
4573 3
11247 9
10655 6
4869 5
7279 4
5998 3
4372 3
1443 7
6650 6
7673 0
1051 5
3691 3
6465 6
6943 4
300 2
9639 5
6432 3
2713 4
1024 5
5323 1
6341 3
724 3
2339 4
7800 1
8465 1
8992 1
1518 5
7009 4
8121 4
8783 0
1342 4
5294 2
11254 9
8669 3
2451 4
9987 1
1203 0
63 0
5768 6
2318 4
1853 6
6032 3
5028 8
2211 4
2889 7
1168 1
8839 0
7124 4
1383 1
469 3
2112 4
10248 7
2420 4
5563 2
7561 4
7453 3
4678 1
5050 2
8172 3
2200 4
8206 0
9087 0
1837 6
1692 7
9331 0
7418 4
2239 4
10862 4
10096 7
6346 3
2707 4
6832 6
7508 4
7932 3
11243 9
9203 0
5648 0
8459 1
9418 5
4059 3
10679 0
4394 3
6787 6
226 2
8025 3
5885 4
3693 3
7173 4
14 2
3816 4
2130 4
9664 5
6024 1
10158 7
8310 3
2375 4
4614 3
7166 4
5723 0
6904 4
3629 3
2546 4
10635 7
7909 1
3334 1
550 0
1449 7
1056 5
5041 2
7612 0
9832 5
8818 0
5994 1
4265 3
6379 3
5829 3
104 2
312 2
9784 1
4874 2
103 2
7362 4
3127 5
8519 1
3987 3
5611 6
98 2
10639 7
2043 6
4893 3
7483 4
2436 4
3913 6
10303 7
449 3
10194 7
5070 2
1766 4
2379 4
1306 0
10736 0
7445 4
10708 0
3464 0
6588 6
8118 6
8404 1
6590 6
10219 7
8265 3
6489 6
8861 0
5840 3
8053 0
6822 1
7426 4
3250 7
3093 5
7968 3
4550 3
5873 3
10327 7
7188 4
729 0
10380 7
1850 6
4604 3
2516 3
8957 0
4039 3
7192 4
531 3
393 3
552 3
2926 3
1046 5
1107 5
8293 3
815 4
7373 4
99 1
2876 7
6647 1
9713 5
8897 0
9925 3
10496 7
8046 3
9764 5
4386 3
11200 3
9035 0
1833 6
7261 4
400 3
5418 1
9812 5
2769 7
10653 6
2750 8
2125 4
5499 2
1940 6
9569 5
9878 1
11073 3
2328 4
505 4
7560 4
2663 3
8155 3
4429 6
1547 7
11213 3
365 3
5912 3
570 3
4506 6
2224 4
3217 1
8466 1
3238 3
4419 6
4103 4
2670 4
2675 4
6230 5
6760 3
5582 8
7796 3
8665 1
6612 3
621 5
684 3
6176 3
6139 3
9438 5
9544 5
1188 1
2279 4
5231 6
7559 4
6776 3
6157 3
2657 4
3591 0
8681 1
6805 6
10323 7
7434 4
10700 0
1134 1
2457 4
5835 6
2314 4
5586 1
10660 6
5625 2
5820 5
152 3
5717 1
3673 3
1932 6
1218 0
5944 3
1401 7
8403 3
856 3
10873 4
7995 4
2915 1
3017 0
4978 2
3390 0
11211 3
10014 7
8269 1
1563 7
1302 1
324 7
10215 7
2870 3
6075 3
8615 0
8141 3
6962 4
8825 1
11168 3
11115 3
1542 7
10716 0
1964 6
3585 0
4423 6
784 7
10869 3
8302 3
9130 0
7432 4
7905 3
8934 0
121 2
7832 3
3661 3
4323 6
4641 3
184 2
6509 6
10024 7
7084 4
2356 4
2920 1
8545 1
1686 7
2102 4
2396 4
3583 0
7540 4
3026 5
6963 4
6375 3
7349 4
4295 3
417 7
8022 3
8574 1
1800 7
7702 9
4076 5
7489 3
7840 3
2361 4
903 1
1888 6
10875 4
6238 3
10302 7
10884 4
11019 3
8389 1
224 2
5893 1
8723 1
8144 3
1284 1
1983 6
7737 3
9248 0
1080 5
288 2
1637 7
7904 3
9991 1
8109 3
9934 0
11155 3
349 3
2979 1
6779 6
9919 3
10315 7
5704 1
4082 3
8445 3
7225 4
10489 7
7657 7
2002 6
1986 6
5124 2
526 1
1550 7
8366 7
8817 0
5431 2
3160 1
199 2
3594 0
506 3
911 1
3882 3
11119 3
4578 3
8961 0
3783 7
10429 7
3278 3
246 1
10435 7
11143 3
9800 5
6091 3
9514 7
10 3
6833 5
12 2
293 3
5850 3
8449 1
8238 3
7431 4
7893 6
8194 3
7979 3
1916 6
7964 3
5077 6
3374 4
8536 0
10946 5
8189 3
8380 1
10152 7
3555 1
1255 1
450 3
8984 0
153 0
8701 1
7048 4
4788 9
3522 0
2833 7
5078 0
8691 0
795 4
751 1
768 1
3424 0
10295 7
10162 7
3635 2
2479 4
10091 7
895 1
5052 2
8994 7
1867 6
4490 6
9617 5
7629 9
7209 4
5449 3
2354 4
6673 9
9636 5
9635 9
7169 4
1489 7
1018 5
9073 0
2140 4
5392 4
10537 7
7815 3
6781 6
5761 1
3610 3
4510 6
10839 0
4835 3
9041 0
1496 7
3626 3
5165 1
7551 5
9609 5
3142 1
6348 1
2094 4
4711 3
7628 8
3121 5
6233 0
10419 7
9123 0
8871 0
906 4
2269 1
7447 4
431 3
3530 0
1079 5
10717 0
7195 5
2293 4
10199 7
2006 6
4886 2
6035 3
9318 0
11009 5
8415 3
129 2
3157 1
2170 4
302 3
394 4
8695 1
588 4
1877 3
6676 6
9915 1
2367 4
3633 3
1934 3
5178 1
5500 1
2881 7
6364 5
8963 0
6138 3
5221 0
8387 3
388 3
10585 8
4319 3
696 3
5375 6
2049 3
3528 0
9566 5
10845 4
9983 1
1268 1
1442 7
10945 5
9863 5
7957 3
3488 0
9973 7
2508 4
5244 4
10695 1
3409 0
162 2
131 3
106 2
5550 1
9575 5
10321 7
4663 3
11153 3
10508 7
10415 7
4254 4
395 3
6530 3
3807 1
10765 0
9827 5
1812 5
6164 3
3994 3
8081 6
1267 4
7348 4
10031 7
7894 1
3343 1
5853 1
467 6
3205 6
10314 7
9127 0
765 1
10297 7
3876 5
8463 1
3827 3
11235 9
3415 0
3446 0
1193 1
4040 3
5849 3
5956 3
2510 4
2905 1
3225 1
3144 1
9986 1
4541 4
4564 3
2653 4
907 1
9042 0
2700 4
6246 3
7323 3
4477 3
2746 8
10338 7
2767 8
3007 6
10034 7
8905 0
7767 3
6132 6
10118 7
6945 4
9793 5
445 3
5337 0
2236 4
6028 3
7653 7
6831 3
6296 3
2529 3
9047 0
571 5
4526 3
10877 3
1979 6
691 4
10719 0
10277 7
5037 0
6646 5
1864 6
4406 6
6277 3
10934 3
6979 4
7641 8
10202 7
3904 3
8475 1
1204 1
5217 2
1432 7
11248 9
9237 0
9766 3
10038 7
7458 4
1359 1
3361 0
4953 2
6310 3
10596 7
2646 4
10211 7
8178 7
863 1
2317 4
3246 0
9091 0
5128 2
10621 7
6445 3
8597 1
2939 1
1648 7
3077 5
112 1
9968 9
10751 0
2828 7
3782 5
4879 2
5383 1
5228 1
2246 4
4951 2
5735 6
4011 3
1415 7
9001 0
2143 4
2748 8
1184 5
3927 3
11021 5
4861 5
225 2
6649 1
5571 0
6701 6
5755 3
4983 1
4105 3
8962 0
6198 1
990 5
6753 3
6622 6
191 6
3814 3
1355 3
8524 1
6417 4
1031 5
1286 1
4290 0
8867 0
9138 0
3072 5
9943 7
2643 3
1341 4
7399 4
11002 5
9159 0
294 2
6419 3
4780 3
2826 7
9884 0
241 2
2808 7
10241 7
10117 7
10256 7
9578 5
10968 3
6376 3
948 1
9385 0
8360 7
3373 0
9344 0
9004 0
2564 4
7200 4
10848 4
8421 6
3013 5
6697 6
3993 3
504 4
7178 4
7632 9
1514 7
2331 4
7064 4
5645 2
817 1
4442 6
2562 4
1381 0
147 2
7715 0
3203 1
10768 0
2307 4
9641 5
6126 3
5201 1
1352 1
2602 3
2064 6
6425 1
773 3
5060 2
9456 5
5481 1
2250 4
9834 5
8071 7
5980 3
8917 0
2264 4
10897 4
9146 1
7658 8
9748 5
7916 9
8687 1
5650 1
6298 3
1524 7
9733 5
5254 1
1104 5
3779 3
279 1
4910 2
739 1
8648 0
7093 4
66 6
255 2
1635 7
1174 3
4489 6
2397 4
5188 2
10400 7
7809 3
2453 4
3612 3
6572 6
9270 1
321 6
10186 7
2977 1
1082 5
6136 3
7330 4
9209 0
5521 1
10894 4
11144 3
820 5
1845 0
5026 2
8985 0
1224 1
618 4
2549 4
9965 3
10896 4
7023 4
6634 6
3773 7
11172 3
10798 0
3680 3
8228 3
10438 7
398 3
7585 5
8363 3
10991 5
10541 7
6323 6
5614 1
2515 4
9007 0
10878 4
2431 4
8812 0
5796 6
7191 4
5435 1
6372 3
2856 7
11199 3
7392 4
6102 6
8281 3
1831 6
4590 3
4808 9
10769 0
1860 6
6678 6
9426 5
6420 1
122 1
3928 1
8247 3
6054 1
10572 1
9010 0
770 1
7142 4
6789 6
1387 1
4876 3
5289 2
3229 1
4812 9
6629 6
10543 7
586 1
48 2
9552 5
3824 3
2638 4
3758 3
7507 4
10122 7
378 3
8077 3
10833 0
3198 1
6538 6
11067 9
6391 3
9480 5
1350 1
8690 1
10793 0
8169 5
6221 3
1389 7
8820 0
7252 4
954 3
3808 3
4067 3
9867 7
3711 3
9989 7
9298 0
6654 6
6189 5
10054 7
9979 0
3641 0
3273 1
556 3
7087 4
2937 1
1506 7
3968 3
9564 5
3054 3
3692 3
7357 4
8649 1
601 3
569 3
8650 1
2494 4
4649 3
9849 5
9889 1
3972 3
8232 3
10474 7
3298 1
336 4
5256 2
2949 3
4698 3
8435 4
418 3
4972 6
7295 4
8512 1
1198 1
1933 6
3329 1
6404 3
5365 2
8734 0
5515 3
3550 0
11214 3
4535 3
625 3
4191 3
11128 3
3933 3
6671 6
1795 7
3894 3
9821 7
797 1
6857 4
2885 7
9472 5
10111 7
750 1
4501 1
6782 1
5098 2
662 3
424 3
887 7
201 2
9288 0
2917 1
2796 7
5120 5
3554 1
3771 3
6882 4
1967 6
8426 3
9711 5
3721 3
3642 6
3654 3
248 4
11047 1
7462 4
11137 3
4685 5
5409 1
4014 6
2073 3
759 1
9392 1
5580 1
2197 4
1403 7
11125 3
2204 4
9026 0
11063 3
124 3
2141 4
10067 7
987 5
4589 3
3219 4
5428 3
1960 6
3393 0
9140 0
3931 3
9724 5
1549 7
6430 1
11076 3
681 3
6070 3
6762 0
6006 3
315 0
3843 3
11089 6
8698 1
7211 4
10618 3
7596 8
11052 1
6187 3
7271 4
6292 4
563 3
1870 6
8375 3
2907 0
5016 2
5822 3
1410 7
8688 1
4231 0
3941 3
4260 3
9912 5
811 0
6313 6
9816 5
10906 4
4362 6
1725 7
5760 3
8610 1
10062 7
6632 6
6823 6
951 3
1005 5
10287 7
6227 4
8514 1
1116 5
584 3
7212 4
5198 2
1978 3
3286 6
3614 2
5710 3
10680 6
10476 7
10951 3
9797 5
7939 4
5359 6
4975 6
1102 5
247 2
5266 2
508 3
6477 6
4321 3
5341 1
9266 0
626 7
7933 3
7198 4
2215 4
6359 1
10015 7
5538 1
8341 6
1215 1
7969 3
8797 0
10149 7
7472 4
4022 3
1991 6
6940 4
2265 4
545 3
3660 3
1805 7
1818 6
5388 1
2625 3
921 1
8611 1
9340 1
3297 0
4855 5
6470 6
1042 5
10687 6
4504 1
3826 3
10844 1
3977 3
2849 7
9350 0
5030 2
8335 3
7615 3
876 4
3839 3
4277 3
8497 0
4728 3
9672 5
7855 3
8483 1
4060 3
6973 4
4446 6
8891 0
6066 3
11114 3
9243 0
82 2
1709 4
8043 1
671 3
6752 6
2446 4
5488 6
10304 7
6824 6
6686 6
5555 1
6607 6
6757 3
7624 7
2848 7
947 1
7567 8
6114 6
8105 3
899 1
4532 3
7725 8
4266 3
6258 1
8096 3
10517 7
7485 4
5947 3
311 2
10465 7
7884 6
7784 3
6152 4
10397 7
8809 0
8911 0
9712 5
5313 1
6978 4
7370 4
806 3
8480 1
4887 2
7676 7
9274 0
2208 4
2545 0
624 3
10447 7
4151 6
10534 7
128 2
3700 3
1532 7
10521 7
60 4
6291 0
9808 5
10828 0
2157 4
4904 4
7015 4
6025 5
6696 6
6208 3
5282 0
1781 7
958 3
236 1
10524 7
8397 3
498 3
2930 1
11201 3
5283 1
6407 3
8733 0
6406 4
9128 0
9533 5
7954 3
2351 4
9749 5
11184 3
1660 7
5238 1
10392 7
5984 3
4091 3
1044 5
8599 1
10332 7
5724 3
9145 0
10427 7
1375 1
6517 3
6172 5
2818 7
651 0
5487 6
3330 2
636 3
5868 0
9500 5
1498 7
1789 7
8378 3
1740 7
9586 5
807 1
10310 7
5914 3
10075 7
4456 6
10168 7
5544 6
9553 5
5533 5
3442 0
2526 4
8558 1
6498 6
8822 0
6051 3
9341 0
3703 4
6218 1
2557 4
3796 3
10674 3
369 3
3493 0
10140 7
4243 3
8451 0
2984 1
2414 4
10337 7
3281 1
1772 4
1902 6
11255 9
6974 4
9373 0
9563 5
4271 4
9399 5
9831 5
7984 3
1925 6
5946 3
3108 5
1583 7
5097 2
7436 4
3485 0
9162 0
1459 7
8147 3
5181 2
8440 0
1820 6
7792 3
7217 4
389 3
6867 4
9591 5
4236 3
1388 1
1764 7
7541 4
8300 6
3109 5
3303 1
2706 4
559 5
4853 3
2023 1
4727 3
640 3
7193 4
7771 3
9725 5
7109 4
4672 3
5927 3
10322 7
10699 1
105 2
675 3
4121 0
4890 2
1886 6
7898 3
1773 7
10181 7
10055 7
8358 1
10682 6
2368 4
2233 4
4329 3
7147 4
10615 7
8862 0
3494 0
64 6
4929 2
5561 7
8412 4
1768 7
8624 0
10819 0
743 7
2522 4
7259 4
1571 0
6967 4
8190 3
3401 0
8329 3
4844 3
1062 5
5374 1
5235 2
10838 7
1211 1
6438 5
6290 3
8932 0
6424 3
6351 4
2156 4
5922 3
3712 3
5495 3
4214 1
6335 7
180 1
7101 4
1095 5
10909 3
10316 7
10283 7
3789 3
8678 5
6711 6
8210 3
10430 7
4778 7
725 4
3738 3
3296 3
7045 4
4912 2
1361 1
6216 3
4349 1
2550 4
3038 5
3279 1
9054 0
6602 3
10167 7
10121 7
8937 0
3559 0
7513 4
319 1
7948 3
10785 0
11175 3
9443 5
1209 1
6007 3
3684 3
11023 5
6724 6
1093 5
3458 0
5423 1
9794 7
2401 4
9027 0
2148 4
5088 0
2320 4
10927 9
4251 3
7689 9
1685 1
7196 4
6149 3
1016 5
10993 5
2030 3
6229 1
2934 4
2852 7
6914 4
4647 3
7163 4
58 2
3453 0
10786 0
2715 4
6265 3
1225 0
7652 5
10608 7
8306 7
5242 0
9753 7
7317 8
6618 3
7486 4
3601 3
11118 3
5527 0
4370 3
538 3
6727 0
567 3
2325 4
737 1
3392 7
1499 7
3515 0
4723 3
4198 1
597 3
4418 6
9408 5
9853 5
9057 0
8161 3
4543 5
968 6
7882 3
10082 7
6443 1
4547 3
2682 4
4867 3
844 2
3324 1
5213 1
5153 2
10425 7
2993 1
2165 4
1488 3
10690 1
6458 6
6703 6
5969 3
5432 6
2135 1
7889 3
2241 4
8887 0
2091 4
2613 4
4322 7
10161 7
4623 4
6872 4
9082 0
888 1
10693 3
4871 0
10691 6
7679 9
7633 9
4995 1
1551 7
7848 3
95 2
579 3
3898 3
10245 7
8889 0
6765 6
6212 3
8437 5
160 2
9888 1
7883 3
227 1
10057 7
1887 6
228 1
9247 7
2702 4
7878 3
4743 3
519 3
7005 4
3234 5
6935 4
2253 4
6587 6
9166 0
4941 2
8391 1
1143 1
5239 2
6287 3
9666 5
4688 3
5758 3
10499 7
7907 3
4530 5
2822 1
9044 0
2301 4
7830 3
6222 3
3384 0
6099 0
4889 2
3066 5
4130 3
7896 3
7047 4
4204 3
2787 8
1269 1
3549 0
4408 1
2150 4
4470 6
9535 5
1928 6
896 2
4771 3
1077 5
2459 4
7242 4
6928 4
3292 2
5004 2
5530 1
8091 3
10948 3
1775 7
1327 1
9855 5
8188 1
1966 6
367 3
6642 6
1988 3
1069 8
11146 3
10114 7
4596 3
8457 1
1531 7
7004 4
5964 6
1169 1
10686 6
8977 0
3864 3
11086 6
3620 3
7566 0
4194 6
6042 3
8607 0
3260 1
1426 7
6038 4
8944 0
46 2
9629 5
1187 1
635 3
8399 7
3394 1
6098 3
10812 0
8786 0
9182 5
3978 3
287 1
9133 0
5386 2
3971 3
8848 0
11042 1
2759 8
1288 9
8220 1
6254 3
9454 5
10460 7
1640 7
2333 4
6566 6
10506 5
2113 4
5320 3
1242 1
7781 3
271 1
9952 1
9623 5
6475 6
3737 7
10694 3
8275 3
8560 1
5082 2
8857 0
9524 5
7819 1
10926 9
4344 3
5750 0
6755 6
10807 0
4923 2
11090 6
11123 3
9077 9
221 2
978 5
8016 3
1259 1
4382 3
6090 4
3016 5
3134 5
1869 0
6589 6
7325 4
7694 8
4595 4
7003 4
5535 1
4570 4
10727 0
10328 7
6166 3
9259 0
9695 5
9499 5
3734 3
5075 2
8804 0
9866 5
777 4
4749 4
5022 2
5792 3
5990 3
647 3
9679 5
6719 3
5130 1
10986 3
2608 4
7393 4
11192 3
10043 7
1026 5
7326 4
10313 7
10753 0
2402 4
8881 0
1231 4
5369 6
3896 3
2026 1
8362 3
10542 7
10683 6
6043 3
9700 5
10966 5
6745 6
7972 3
6387 1
7530 3
10904 3
4582 3
1658 7
8443 3
9110 1
6600 6
4296 3
4848 5
4942 4
3201 7
4945 2
4724 3
9023 0
6491 6
9757 5
3357 0
8148 3
3423 3
3116 5
7469 4
2398 4
1229 6
6721 3
1810 7
9115 0
1071 5
10451 7
8703 0
1584 7
2611 1
1490 7
6615 6
3463 0
3123 5
5728 6
8430 3
8287 0
2027 6
1444 7
1672 7
1503 7
7858 3
11055 0
5345 1
1210 0
145 1
5642 6
5134 1
9382 0
2780 8
10056 7
9954 5
11056 0
2178 4
8532 1
75 6
2015 6
4775 4
5602 2
10175 7
1418 7
10563 0
8204 3
1097 5
5187 4
478 5
5012 6
6895 4
7743 3
7922 3
5079 1
6188 1
9571 5
161 2
3590 0
6472 6
2838 7
5777 3
9327 0
6141 1
4122 3
4801 9
9879 5
3688 3
4218 3
1330 3
2081 4
6737 6
967 9
7341 4
3656 3
6350 3
5438 2
7012 4
181 2
6318 3
3075 5
4577 4
9329 1
5473 2
3267 0
712 1
8795 0
4338 3
8123 3
6179 1
757 1
9106 0
5814 3
1294 7
2171 4
4261 3
1160 3
1614 7
1322 1
1263 1
5881 4
3449 0
1452 7
3379 3
6026 3
2811 7
9776 9
6272 3
3944 3
9028 0
6078 3
866 1
3474 0
5149 2
8949 0
4741 4
256 2
10969 5
3743 3
5456 1
1364 0
9581 5
4302 3
6864 4
1679 4
9481 5
370 3
1395 7
8385 0
7599 8
6804 3
2411 4
3667 3
8652 0
8386 3
6094 3
8225 3
738 1
9921 1
3360 1
6412 3
4620 3
7579 7
5831 3
9893 1
10591 7
5288 2
2604 4
845 1
3419 0
5536 2
4026 6
5095 2
9060 0
6357 3
7376 4
9018 0
5638 1
1819 6
3081 5
2722 4
11232 9
1556 7
10382 7
1701 7
2389 4
8541 0
6888 4
3623 3
8726 1
7749 3
5884 3
9926 3
6371 1
11102 6
3032 5
7920 3
7061 4
6223 5
3999 3
8981 0
1497 7
1746 7
3411 1
843 2
456 3
5619 9
8803 0
1743 7
1075 5
8915 0
595 3
7491 3
1150 3
447 3
7152 4
1593 7
4640 5
7688 0
5096 2
7137 4
146 2
2068 6
5775 3
4847 5
1201 1
7542 4
5554 1
10987 3
1213 5
1366 0
7153 4
6576 6
658 3
3009 5
3052 5
2731 7
7636 8
1926 6
8680 1
1290 1
4298 3
9787 5
8997 0
3216 1
6200 4
10929 9
5275 1
6479 6
9483 5
9906 1
6784 3
6403 3
1914 6
167 2
5700 0
8186 3
432 5
10450 5
6565 6
1968 6
55 3
5340 1
4569 5
3720 3
4495 6
4136 5
6302 3
4677 5
154 0
4455 6
2555 4
585 3
8252 1
2031 6
5627 6
6995 4
1109 5
7659 8
7400 4
7440 4
346 4
5501 7
335 5
3410 0
5405 0
7674 0
7280 4
9655 5
3276 0
427 3
7274 4
886 1
5354 2
4376 3
8711 1
1577 7
668 4
77 6
5215 2
2976 1
4603 3
9067 0
10436 7
5685 7
4205 5
6151 3
7060 4
8900 0
6486 6
1217 1
4781 9
1671 7
3083 5
841 6
4034 3
1368 1
8297 3
2607 4
10172 7
9071 5
6848 1
5653 1
540 3
8453 4
222 7
238 2
10999 5
5869 9
4529 3
5565 1
543 5
2378 4
8192 3
4920 2
10035 7
215 2
87 1
1377 3
2184 4
5159 3
6460 6
9019 0
11122 3
9786 0
2466 4
3318 1
10187 7
7107 4
7921 3
4680 3
10704 1
6742 6
2880 7
6814 3
102 7
645 3
9538 5
7240 4
7586 5
5003 0
9682 5
2248 4
628 3
2896 1
3370 0
9813 7
7118 4
3046 5
2477 2
3819 3
4737 3
2932 1
7041 4
7220 3
3532 0
2053 6
6883 4
9692 5
6247 3
11103 6
10720 0
1245 7
9278 0
5067 2
6790 6
1767 7
1159 3
6241 3
1139 1
3976 3
7331 3
5854 3
7294 4
779 4
6821 6
11020 5
9977 3
10456 7
7339 4
7482 4
7055 4
7987 9
10648 7
7490 3
11036 0
2799 7
8045 3
8662 0
10019 7
2039 0
1661 7
6437 3
7327 4
8338 1
7980 3
4238 4
11208 3
4436 6
7814 3
1258 3
3997 3
4003 3
7179 4
6029 3
2257 3
6982 4
6664 6
6279 5
10329 7
6194 0
7413 4
6734 6
6568 6
2974 1
630 3
1619 7
7241 4
6431 0
2046 4
6616 6
3967 3
6519 6
6851 4
3748 3
37 1
6855 3
6356 1
3399 0
6990 4
6219 3
1903 6
9742 5
7276 4
4186 0
1673 7
8132 3
7635 8
4478 4
8272 3
3932 3
6942 4
8400 5
9400 5
2097 4
323 2
7222 4
2582 3
1680 7
6180 3
10832 1
1540 7
3592 0
4188 3
3543 0
7744 3
4285 3
1854 6
10081 7
594 3
1028 5
210 2
6603 6
4621 4
11068 3
1441 7
1973 3
2380 4
9258 0
861 1
2182 4
5297 1
9282 5
8226 3
6256 3
1163 3
3581 1
1534 7
8469 1
5032 0
130 1
8388 3
9828 0
3235 2
10288 7
957 3
3795 3
2783 8
6899 3
4900 2
9643 5
4101 3
6158 3
6756 6
11097 6
5014 1
5429 3
2900 1
7770 3
4385 5
2936 1
7774 3
6906 4
2160 4
4437 6
1912 6
1272 0
4073 3
8882 0
2285 4
9557 5
3454 1
9314 0
3358 2
7115 4
982 5
1479 7
6333 3
828 4
4440 6
6660 6
1687 0
5771 4
8838 0
6109 4
5371 0
8513 1
4053 3
5789 3
6125 1
9762 5
9877 1
6818 5
5021 2
9351 0
6022 3
2041 6
916 1
2259 4
11156 3
10095 7
10005 7
264 2
6467 6
5804 3
8149 0
1110 7
2687 1
473 3
10912 4
5872 3
1006 5
2383 4
2688 4
8047 3
10365 7
6020 3
1707 7
8775 0
7267 4
1578 7
7270 4
1900 6
6474 6
4174 5
8702 3
8034 0
6630 3
5765 1
8055 3
6481 6
7794 3
1421 7
6328 1
4095 3
8505 1
11182 3
11238 9
9051 0
7713 7
8551 1
5279 3
4539 3
9389 0
8592 0
1935 6
10041 7
1840 3
2827 7
8104 3
3579 0
4662 3
2872 7
4089 3
4301 3
10412 7
8376 1
8870 1
6948 4
11096 6
2972 7
2553 4
8390 3
5786 3
870 1
1516 7
11242 9
4420 6
7066 4
4125 4
953 1
5679 6
254 2
11224 9
406 3
8903 0
9215 0
5773 4
1127 1
979 5
6774 6
2531 4
3467 0
8716 1
1066 5
4029 4
7655 9
2193 4
8746 1
9882 1
3966 3
9508 5
2503 4
5578 7
721 3
1755 7
883 6
9345 0
3829 3
4491 3
5214 2
3992 3
8427 0
140 1
2662 6
7726 7
1084 5
10601 0
9690 5
10132 7
8762 0
10159 7
2962 1
9277 0
9613 5
3331 1
7065 4
9962 1
4457 6
2187 4
9788 5
3582 1
10210 7
2078 4
3462 0
9550 5
6322 6
4371 3
7454 4
7249 4
6281 4
7630 8
3302 1
10259 7
9414 5
7639 5
10684 3
2407 4
5113 2
7155 4
1832 3
2019 6
488 3
6684 6
677 3
4072 3
8064 0
8327 3
3730 3
9516 5
6468 6
1468 7
8032 6
7476 3
6154 6
10311 7
4157 7
3006 0
7131 4
5660 4
9944 7
2305 4
2080 4
8137 3
5895 1
9886 7
10249 7
5335 0
525 3
3413 0
2212 4
3923 3
141 1
8633 1
4585 4
2945 7
149 2
5440 6
10164 7
7760 3
8801 0
3792 6
10965 3
8177 1
1462 1
8093 3
9231 0
7728 7
8995 7
7388 1
8518 1
8729 1
5699 1
8616 1
10209 7
2585 4
6767 6
10932 5
4624 3
6134 3
363 3
10206 7
1893 6
740 3
3514 0
5682 3
8606 1
3350 1
5071 2
3548 0
5073 2
9362 7
4443 4
8159 3
7606 8
5094 1
9616 5
6639 6
5651 6
4118 3
1688 7
9527 5
3327 3
4399 3
6274 3
6464 6
7218 4
5678 1
10177 7
2500 4
5919 3
3503 0
3340 1
403 3
7868 3
7609 8
9843 7
8967 0
3232 1
8993 0
3881 5
5009 2
5815 3
6825 1
3131 5
7069 4
1265 4
8966 0
5534 1
9411 7
5224 2
4452 6
2090 4
9250 1
5251 1
10431 7
9638 5
5962 3
3998 3
4773 3
6531 3
1453 2
10150 7
7626 7
6687 6
1212 4
10368 7
9387 5
3891 3
9775 5
8257 3
9002 0
5348 3
10670 6
7442 4
8002 3
9453 5
9933 1
8779 0
7845 3
8090 3
9284 0
7149 4
2205 4
5746 0
2306 4
425 3
4635 3
4374 3
9221 0
9868 5
3317 2
10410 7
6017 4
2234 4
10463 7
1065 5
9084 0
245 2
2592 4
5339 2
6037 3
1891 6
10319 7
371 3
2491 4
7394 4
4860 5
3284 1
2340 4
3756 1
1975 6
5066 1
6638 6
1115 1
5715 1
857 3
6068 3
1467 1
2329 3
366 3
2847 7
4914 2
10065 7
5102 3
5033 0
7759 3
3403 0
10378 7
5180 1
1483 7
2386 1
2922 0
5261 0
1382 3
3262 1
9477 5
1349 0
10254 7
9957 3
1126 3
5725 0
2162 4
2364 4
1744 7
8919 0
8627 5
4522 6
6237 3
7594 8
10157 7
1192 1
10998 5
9678 5
5356 6
4439 6
4276 3
2691 4
10637 1
8111 3
2940 1
8550 0
10742 0
1783 7
9467 5
1790 7
5250 0
2327 4
11087 6
2435 3
9810 5
5965 3
11178 3
10620 1
7600 7
2139 4
3191 0
7684 9
7864 3
2312 4
10155 7
4058 6
5930 1
2667 4
4525 1
2072 3
9802 5
10335 7
2785 9
67 2
4013 3
9752 5
5711 5
558 3
2392 4
4500 6
8481 4
4308 1
3805 3
171 0
1298 1
800 1
5622 1
110 0
708 3
609 3
10234 7
8739 1
6608 6
5122 2
754 3
2850 7
4294 1
1063 3
4540 3
1164 1
1665 7
188 2
5040 1
10331 7
1455 7
6887 4
672 3
11219 9
9078 0
414 3
2776 3
3690 3
5058 2
2886 7
1566 7
3043 5
317 1
9502 5
6884 4
7593 5
5588 1
239 2
1078 5
10049 7
6483 3
10893 4
875 7
2126 4
8526 1
1145 1
4840 4
2672 4
736 1
4813 9
6898 4
3138 2
7735 5
5785 3
9462 5
1920 1
2486 4
8264 1
11029 1
3456 0
9604 7
3263 1
7451 3
3049 5
8894 0
4527 7
3672 3
3800 3
5103 1
1716 7
3472 3
2923 1
3636 3
8959 0
463 3
1909 6
4460 6
